0.540000	236807 8107 2250 1453 1004 661 542 449 363 295 263 221 177 143 149 117 109 119 98 112 106 80 66 66 70 54 65 44 31 48 49 40 36 55 41 31 38 30 38 35 25 21 28 23 25 16 25 21 24 18 18 13 16 14 19 10 12 11 18 15 7 8 15 14 17 14 13 12 9 12 13 6 10 15 9 15 7 9 6 11 9 9 4 6 6 6 9 10 4 12 5 9 6 5 3 3 8 5 5 5 6 9 12 10 11 18 16 24 31 24 31 41 34 36 43 55 48 55 66 59 45 61 41 35 36 31 38 28 23 24 20 12 10 8 5 8 5 1 6 2 1 1 1 0 0 0 0 0 0 0 0 0 0 0 0 0 0 0 0 0 0 0 0 0 0 0 0 0 0 0 0 0 0 0 0 0 0 0 0 0 0 0 0 0 0 0 0 0 0 0 0 0 0 0 0 0 0 0 0 0 0 0 0 0 0 0 0 0 0 0 0 0 0 0 0 0 0 0 0 0 0 0 0 0 0 0 0 0 0 0 0 0 0 0 0 0 0 0 0 0 0 0 0 0 0 0 0 0 0 0 0 0 0 0 0 0 

0.540100	236704 8289 2227 1397 1008 677 553 411 348 319 244 229 190 166 138 133 133 92 108 108 89 94 60 65 61 62 67 41 50 41 44 47 40 37 35 23 38 40 38 27 21 22 11 20 25 23 20 20 20 22 15 18 22 19 9 16 8 20 16 16 12 10 15 7 11 5 12 10 10 8 9 4 14 10 10 11 6 11 10 7 7 13 6 10 6 8 5 8 2 3 7 7 5 6 8 5 7 14 8 7 13 7 8 14 25 25 24 27 28 33 28 39 41 33 45 43 51 49 58 47 37 58 56 42 38 38 26 25 19 23 20 9 13 11 11 2 5 5 5 0 1 3 0 0 0 0 0 0 0 0 0 0 0 0 0 1 0 0 0 0 0 0 0 0 0 0 0 0 0 0 0 0 0 0 0 0 0 0 0 0 0 0 0 0 0 0 0 0 0 0 0 0 0 0 0 0 0 0 0 0 0 0 0 0 0 0 0 0 0 0 0 0 0 0 0 0 0 0 0 0 0 0 0 0 0 0 0 0 0 0 0 0 0 0 0 0 0 0 0 0 0 0 0 0 0 0 0 0 0 0 0 0 0 0 0 0 

0.540200	236767 8213 2171 1422 1006 709 528 450 366 300 252 203 206 163 150 140 114 119 101 89 90 86 77 57 77 53 64 57 44 45 29 51 48 40 29 32 23 23 34 37 29 23 17 20 20 17 14 17 16 27 16 22 19 22 9 17 15 17 7 16 14 5 9 12 22 13 10 11 10 22 6 18 15 10 6 9 3 3 4 6 5 9 8 12 6 7 4 7 5 9 2 11 5 8 11 9 6 6 8 4 4 8 14 20 13 14 19 33 21 43 29 41 32 57 39 38 52 53 56 55 58 40 42 43 44 32 26 22 19 21 13 25 13 8 10 5 5 2 3 2 1 2 0 1 0 0 1 0 0 0 0 0 0 0 1 1 0 0 0 0 0 0 0 0 0 0 0 0 0 0 0 0 0 0 0 0 0 0 0 0 0 0 0 0 0 0 0 0 0 0 0 0 0 0 0 0 0 0 0 0 0 0 0 0 0 0 0 0 0 0 0 0 0 0 0 0 0 0 0 0 0 0 0 0 0 0 0 0 0 0 0 0 0 0 0 0 0 0 0 0 0 0 0 0 0 0 0 0 0 0 0 0 0 0 0 0 

0.540300	236919 8143 2159 1385 965 741 562 419 335 316 245 228 161 136 157 147 133 106 100 81 83 76 73 58 88 56 52 56 55 49 46 41 42 38 33 28 23 31 29 40 30 30 26 19 26 18 18 16 19 20 25 14 20 21 15 13 11 16 19 21 14 9 10 20 14 8 14 7 15 13 12 13 6 8 11 5 7 3 5 9 8 10 11 9 5 6 7 11 7 9 5 8 7 6 9 5 4 2 11 9 10 10 9 15 18 20 26 23 18 32 38 42 35 40 39 50 53 50 45 41 61 52 49 45 47 37 33 25 19 23 17 9 5 6 6 3 4 3 6 2 2 2 0 0 1 0 0 1 0 0 0 0 0 0 0 0 0 0 0 0 0 0 0 0 0 0 0 0 0 0 0 0 0 0 0 0 0 0 0 0 0 0 0 0 0 0 0 0 0 0 0 0 0 0 0 0 0 0 0 0 0 0 0 0 0 0 0 0 0 0 0 0 0 0 0 0 0 0 0 0 0 0 0 0 0 0 0 0 0 0 0 0 0 0 0 0 0 0 0 0 0 0 0 0 0 0 0 0 0 0 0 0 0 0 0 0 

0.540400	236707 8200 2250 1444 1015 757 552 427 336 281 244 211 183 134 151 136 115 112 130 99 95 76 45 75 61 72 57 55 40 38 38 34 34 32 39 25 30 36 32 32 32 37 28 26 14 15 22 14 16 20 17 15 22 21 14 16 17 15 16 20 12 7 14 12 12 13 14 17 17 9 9 11 6 11 9 13 13 5 4 8 10 9 6 6 13 8 6 3 3 4 3 9 4 5 9 6 7 7 4 6 10 8 19 8 19 17 22 19 29 29 32 42 37 38 46 59 50 49 52 59 52 51 51 50 39 31 35 24 19 15 12 15 7 6 6 11 9 1 0 2 0 1 0 0 0 1 2 0 0 0 1 0 0 0 0 0 0 0 0 0 0 0 0 0 0 0 0 0 0 0 0 0 0 0 0 0 0 0 0 0 0 0 0 0 0 0 0 0 0 0 0 0 0 0 0 0 0 0 0 0 0 0 0 0 0 0 0 0 0 0 0 0 0 0 0 0 0 0 0 0 0 0 0 0 0 0 0 0 0 0 0 0 0 0 0 0 0 0 0 0 0 0 0 0 0 0 0 0 0 0 0 0 0 0 0 0 

0.540500	236825 8099 2281 1415 1033 718 493 419 348 310 244 236 187 158 143 127 125 93 104 94 85 99 66 63 59 55 63 46 49 62 40 32 47 32 39 32 36 22 27 31 20 25 26 25 22 26 15 21 18 22 25 18 18 15 15 16 10 25 17 10 15 13 13 14 8 7 11 12 20 15 11 13 12 13 8 7 13 8 9 11 16 4 4 7 5 2 4 3 12 9 2 8 3 8 5 6 6 4 4 8 8 9 12 14 11 16 19 27 26 46 22 30 42 57 39 45 42 58 54 55 53 40 45 37 39 30 38 29 26 24 19 12 15 4 5 13 3 2 3 2 2 0 1 1 0 0 0 0 0 0 0 0 0 0 1 0 0 0 0 1 0 0 0 0 0 0 0 0 0 0 0 0 0 0 0 0 0 0 0 0 0 0 0 0 0 0 0 0 0 0 0 0 0 0 0 0 0 0 0 0 0 0 0 0 0 0 0 0 0 0 0 0 0 0 0 0 0 0 0 0 0 0 0 0 0 0 0 0 0 0 0 0 0 0 0 0 0 0 0 0 0 0 0 0 0 0 0 0 0 0 0 0 0 0 0 0 

0.540600	236741 8090 2275 1392 1034 702 525 474 352 280 228 234 216 196 170 131 127 121 99 85 96 89 67 68 69 65 42 51 54 37 46 39 43 34 31 29 43 32 18 28 24 27 22 24 19 17 17 20 15 32 21 15 16 17 13 18 15 13 16 21 15 9 18 14 12 11 14 7 10 8 10 8 13 8 6 13 6 5 6 6 11 6 7 8 13 8 8 10 6 5 5 4 6 3 6 8 7 11 12 7 2 14 10 16 17 11 24 33 23 38 39 44 41 47 39 58 35 55 53 41 51 44 55 41 42 33 26 28 17 18 18 16 6 13 4 5 4 3 2 2 1 0 2 0 0 0 0 0 0 0 0 0 0 0 0 0 0 0 0 0 0 0 0 0 0 0 0 0 0 0 0 0 0 0 0 0 0 0 0 0 0 0 0 0 0 0 0 0 0 0 0 0 0 0 0 0 0 0 0 0 0 0 0 0 0 0 0 0 0 0 0 0 0 0 0 0 0 0 0 0 0 0 0 0 0 0 0 0 0 0 0 0 0 0 0 0 0 0 0 0 0 0 0 0 0 0 0 0 0 0 0 0 0 0 0 0 

0.540700	236769 8170 2214 1466 964 711 546 443 333 306 245 224 187 146 161 136 126 115 108 102 97 81 63 73 67 63 55 51 51 37 33 36 40 35 46 41 27 30 26 24 17 23 27 25 24 20 17 26 21 23 20 17 16 19 20 19 11 18 11 14 15 13 11 10 19 11 15 6 16 9 15 5 4 9 11 4 10 10 7 12 7 9 2 7 6 5 7 3 4 7 6 6 6 6 5 3 6 10 11 6 3 9 6 14 14 14 17 25 30 29 37 43 47 50 53 70 57 41 48 57 49 43 49 45 39 28 19 28 25 19 12 8 12 9 10 5 6 5 4 1 3 1 0 1 1 0 0 0 0 0 0 0 0 0 0 0 0 0 0 0 0 0 0 0 0 0 0 0 0 0 0 0 0 0 0 0 0 0 0 0 0 0 0 0 0 0 0 0 0 0 0 0 0 0 0 0 0 0 0 0 0 0 0 0 0 0 0 0 0 0 0 0 0 0 0 0 0 0 0 0 0 0 0 0 0 0 0 0 0 0 0 0 0 0 0 0 0 0 0 0 0 0 0 0 0 0 0 0 0 0 0 0 0 0 0 0 

0.540800	236679 8273 2235 1425 983 704 509 420 362 326 247 225 203 169 161 129 132 123 84 92 83 78 61 64 57 48 64 53 48 51 44 43 41 46 32 46 29 26 23 35 22 26 22 27 23 29 25 18 18 21 22 13 18 13 21 18 6 15 13 20 15 12 17 11 7 7 13 7 8 6 12 12 7 7 9 9 7 5 10 10 7 6 3 9 5 10 7 8 6 5 5 9 5 8 7 1 5 7 9 8 8 8 11 15 14 16 30 21 25 37 33 53 42 56 51 47 60 52 56 47 40 45 39 49 40 28 29 19 25 17 11 14 8 9 7 9 4 11 2 1 1 1 0 0 0 0 1 0 0 0 0 0 0 0 0 0 0 0 0 0 0 0 0 0 0 0 0 0 0 0 0 0 0 0 0 0 0 0 0 0 0 0 0 0 0 0 0 0 0 0 0 0 0 0 0 0 0 0 0 0 0 0 0 0 0 0 0 0 0 0 0 0 0 0 0 0 0 0 0 0 0 0 0 0 0 0 0 0 0 0 0 0 0 0 0 0 0 0 0 0 0 0 0 0 0 0 0 0 0 0 0 0 0 0 0 0 

0.540900	236738 8090 2222 1493 1040 693 533 508 359 299 238 212 184 184 145 146 121 101 105 93 69 77 79 58 66 60 46 36 61 50 36 39 39 32 42 29 46 33 32 26 27 22 18 22 23 26 27 15 14 19 21 14 19 10 15 13 19 12 16 14 16 16 13 7 10 13 6 12 14 12 15 12 8 10 10 8 6 10 6 8 9 5 9 5 7 12 5 5 6 5 4 9 4 4 5 6 5 11 5 5 7 10 4 15 18 22 29 24 28 26 45 38 40 50 53 50 49 42 46 50 59 45 39 40 35 27 42 31 20 29 17 13 11 4 11 7 6 3 5 0 0 1 1 0 0 0 0 0 0 0 0 0 0 0 0 0 0 0 0 0 0 0 0 0 0 0 0 0 0 0 0 0 0 0 0 0 0 0 0 0 0 0 0 0 0 0 0 0 0 0 0 0 0 0 0 0 0 0 0 0 0 0 0 0 0 0 0 0 0 0 0 0 0 0 0 0 0 0 0 0 0 0 0 0 0 0 0 0 0 0 0 0 0 0 0 0 0 0 0 0 0 0 0 0 0 0 0 0 0 0 0 0 0 0 0 0 

0.541000	236832 8074 2265 1464 932 679 559 404 377 334 225 227 219 164 160 121 142 97 88 89 86 92 72 70 58 60 43 55 54 46 40 32 43 36 32 31 33 26 27 26 32 22 28 32 27 27 14 18 19 23 19 24 19 25 24 23 16 9 16 9 13 16 10 10 9 14 18 16 12 8 9 13 6 8 13 7 13 6 6 10 8 12 4 7 8 6 5 3 8 6 7 8 5 4 5 4 6 4 4 6 10 11 9 11 16 19 20 22 34 39 23 46 38 34 49 52 53 53 60 55 43 45 40 52 33 43 32 25 25 19 13 13 9 8 5 1 6 0 5 1 3 1 2 1 0 0 0 0 0 0 0 0 0 0 0 0 0 0 0 0 0 0 0 0 0 0 0 0 0 0 0 0 0 0 0 0 0 0 0 0 0 0 0 0 0 0 0 0 0 0 0 0 0 0 0 0 0 0 0 0 0 0 0 0 0 0 0 0 0 0 0 0 0 0 0 0 0 0 0 0 0 0 0 0 0 0 0 0 0 0 0 0 0 0 0 0 0 0 0 0 0 0 0 0 0 0 0 0 0 0 0 0 0 0 0 0 

0.541100	236704 8220 2214 1492 1002 740 539 424 367 276 281 213 183 154 151 107 131 124 116 87 78 78 72 69 47 54 52 61 45 49 43 39 34 35 27 30 24 25 30 26 20 26 23 23 21 33 16 19 13 9 18 22 20 21 18 16 20 12 13 11 13 12 17 16 5 12 6 8 5 12 9 8 7 5 14 10 11 8 12 9 9 9 13 3 9 10 15 8 4 8 6 4 1 11 9 8 4 4 9 6 4 11 4 11 8 12 20 25 30 34 44 33 41 56 50 65 50 41 54 48 57 55 34 47 35 39 34 31 25 17 18 10 14 7 11 2 2 3 2 2 0 0 1 0 1 0 0 0 0 0 0 0 0 0 0 0 0 0 1 1 0 0 0 0 0 0 0 0 0 0 0 0 0 0 0 0 0 0 0 0 0 0 0 0 0 0 0 0 0 0 0 0 0 0 0 0 0 0 0 0 0 0 0 0 0 0 0 0 0 0 0 0 0 0 0 0 0 0 0 0 0 0 0 0 0 0 0 0 0 0 0 0 0 0 0 0 0 0 0 0 0 0 0 0 0 0 0 0 0 0 0 0 0 0 0 0 

0.541200	236890 8184 2216 1411 966 671 511 401 344 301 260 210 170 174 173 137 120 117 94 90 98 85 78 74 58 62 55 62 47 35 39 33 31 41 36 43 38 33 27 22 27 21 29 21 28 16 15 21 22 20 13 18 17 16 19 11 12 20 18 15 16 6 13 20 10 14 18 10 8 5 14 10 8 14 9 6 12 10 15 13 9 5 11 9 7 2 10 4 10 6 4 7 9 1 9 5 5 6 4 5 10 8 8 14 14 26 18 22 32 32 37 32 50 46 45 54 68 51 50 55 48 45 48 32 34 35 29 20 26 16 12 17 8 9 7 7 3 3 2 0 2 1 1 0 1 0 1 0 1 0 1 0 0 0 0 0 0 0 0 0 0 0 0 0 0 0 0 0 0 0 0 0 0 0 0 0 0 0 0 0 0 0 0 0 0 0 0 0 0 0 0 0 0 0 0 0 0 0 0 0 0 0 0 0 0 0 0 0 0 0 0 0 0 0 0 0 0 0 0 0 0 0 0 0 0 0 0 0 0 0 0 0 0 0 0 0 0 0 0 0 0 0 0 0 0 0 0 0 0 0 0 0 0 0 0 0 

0.541300	236730 8100 2313 1386 1005 727 595 411 336 306 245 203 203 169 164 145 126 105 83 93 87 77 74 62 66 68 47 49 53 48 58 38 47 34 39 37 38 30 20 34 27 21 23 25 18 20 25 22 13 15 21 22 20 15 13 17 22 21 8 10 17 11 13 16 10 15 10 10 14 15 8 15 9 8 6 10 6 6 8 13 9 10 10 0 6 8 8 7 9 8 3 8 8 5 7 7 7 8 5 6 8 14 12 18 13 14 24 25 30 35 31 49 35 41 51 50 54 47 45 54 55 44 42 33 32 34 29 26 19 23 18 13 14 10 7 2 4 1 2 1 0 3 3 0 1 0 1 1 0 0 0 0 0 0 0 0 0 0 0 0 0 0 0 0 0 0 0 0 0 0 0 0 0 0 0 0 0 0 0 0 0 0 0 0 0 0 0 0 0 0 0 0 0 0 0 0 0 0 0 0 0 0 0 0 0 0 0 0 0 0 0 0 0 0 0 0 0 0 0 0 0 0 0 0 0 0 0 0 0 0 0 0 0 0 0 0 0 0 0 0 0 0 0 0 0 0 0 0 0 0 0 0 0 0 0 0 

0.541400	236786 8100 2238 1423 1000 727 529 440 366 305 250 214 179 182 139 123 123 107 103 103 101 81 74 61 84 75 42 59 65 39 41 33 35 42 33 36 23 28 29 28 26 24 25 22 26 30 15 25 23 19 18 16 23 17 17 14 10 18 6 18 14 14 12 13 13 8 11 11 13 16 11 15 9 10 11 4 11 5 7 3 9 7 10 4 8 4 4 7 7 8 2 7 6 6 8 4 5 9 5 8 6 8 12 13 16 15 26 30 23 29 25 31 44 45 55 52 59 59 45 51 56 43 42 46 39 28 36 30 24 15 19 18 9 5 6 7 6 0 1 1 0 2 0 2 0 0 0 0 0 0 0 0 0 0 0 0 0 0 0 0 0 0 0 0 0 0 0 0 0 0 0 0 0 0 0 0 0 0 0 0 0 0 0 0 0 0 0 0 0 0 0 0 0 0 0 0 0 0 0 0 0 0 0 0 0 0 0 0 0 0 0 0 0 0 0 0 0 0 0 0 0 0 0 0 0 0 0 0 0 0 0 0 0 0 0 0 0 0 0 0 0 0 0 0 0 0 0 0 0 0 0 0 0 0 0 0 

0.541500	236846 8192 2200 1491 944 694 547 416 351 280 249 221 177 152 134 154 141 92 97 98 70 85 63 63 73 57 64 56 46 42 53 40 50 37 28 29 39 27 32 25 36 18 25 17 19 16 11 15 23 8 17 13 18 19 23 16 19 10 13 16 19 8 18 10 9 11 12 11 11 13 9 4 13 8 10 10 10 10 7 9 16 7 6 9 9 15 4 3 12 6 4 7 6 6 4 5 5 9 4 9 9 10 14 16 9 16 20 16 31 23 38 48 39 64 59 53 42 49 42 54 59 59 49 42 39 29 31 22 21 14 17 13 7 5 6 7 3 5 5 2 1 0 1 1 0 0 0 0 0 1 0 0 0 0 0 0 0 0 0 0 0 0 0 0 0 0 0 0 0 0 0 0 0 0 0 0 0 0 0 0 0 0 0 0 0 0 0 0 0 0 0 0 0 0 0 0 0 0 0 0 0 0 0 0 0 0 0 0 0 0 0 0 0 0 0 0 0 0 0 0 0 0 0 0 0 0 0 0 0 0 0 0 0 0 0 0 0 0 0 0 0 0 0 0 0 0 0 0 0 0 0 0 0 0 0 0 

0.541600	236784 8268 2168 1422 983 716 522 429 354 328 248 213 191 152 131 119 124 116 90 85 80 89 79 77 68 58 65 51 48 37 48 38 43 41 30 29 38 25 22 24 20 29 30 25 26 15 18 16 18 17 16 20 16 22 15 11 11 16 14 19 15 15 6 14 11 14 17 16 10 19 6 8 9 10 10 7 10 7 10 11 7 9 10 11 9 4 3 8 7 8 5 5 4 7 9 7 12 3 5 5 13 13 13 11 20 20 23 20 23 36 33 53 32 52 50 48 54 60 66 43 42 50 40 45 36 25 29 20 20 13 19 13 10 7 9 6 2 4 5 0 1 2 2 0 0 1 1 1 0 0 0 0 0 0 0 0 0 0 0 0 0 0 0 0 0 0 0 0 0 0 0 0 0 0 0 0 0 0 0 0 0 0 0 0 0 0 0 0 0 0 0 0 0 0 0 0 0 0 0 0 0 0 0 0 0 0 0 0 0 0 0 0 0 0 0 0 0 0 0 0 0 0 0 0 0 0 0 0 0 0 0 0 0 0 0 0 0 0 0 0 0 0 0 0 0 0 0 0 0 0 0 0 0 0 0 0 

0.541700	236914 7999 2269 1443 972 693 536 439 385 315 245 179 181 180 158 133 113 108 107 97 81 87 73 77 66 47 49 43 46 41 46 46 45 36 44 33 32 24 27 23 41 22 18 22 23 27 21 12 17 24 21 17 19 18 16 19 12 20 10 15 16 15 16 16 12 6 10 10 15 13 14 10 9 8 11 9 3 9 7 8 4 5 7 11 6 8 6 7 7 0 2 6 7 10 11 6 5 10 7 8 13 12 14 19 11 16 19 17 32 28 40 39 49 48 33 50 53 54 55 47 47 52 45 36 44 34 27 18 21 16 12 9 17 13 13 9 5 4 0 1 2 1 1 2 0 0 0 1 0 0 1 0 0 0 0 0 0 0 0 0 0 0 0 0 0 0 0 0 0 0 0 0 0 0 0 0 0 0 0 0 0 0 0 0 0 0 0 0 0 0 0 0 0 0 0 0 0 0 0 0 0 0 0 0 0 0 0 0 0 0 0 0 0 0 0 0 0 0 0 0 0 0 0 0 0 0 0 0 0 0 0 0 0 0 0 0 0 0 0 0 0 0 0 0 0 0 0 0 0 0 0 0 0 0 0 0 

0.541800	237068 8085 2150 1420 1012 654 546 424 353 266 203 195 178 156 146 158 121 104 96 91 91 65 70 62 66 56 53 44 58 50 47 38 38 45 38 34 32 33 29 49 32 21 32 30 27 26 25 24 16 20 19 13 17 12 14 13 9 14 13 19 14 13 14 10 7 15 15 11 5 11 13 11 14 7 11 8 8 7 10 11 8 7 5 11 8 6 7 7 4 2 7 2 3 11 7 6 6 8 6 7 11 10 13 21 17 21 23 30 31 32 27 44 39 46 47 54 56 63 58 53 43 47 51 37 33 31 27 26 14 18 14 15 6 7 5 6 5 4 5 0 0 0 0 0 1 0 0 0 1 0 0 0 0 0 0 1 0 0 0 0 0 0 0 0 0 0 0 0 0 0 0 0 0 0 0 0 0 0 0 0 0 0 0 0 0 0 0 0 0 0 0 0 0 0 0 0 0 0 0 0 0 0 0 0 0 0 0 0 0 0 0 0 0 0 0 0 0 0 0 0 0 0 0 0 0 0 0 0 0 0 0 0 0 0 0 0 0 0 0 0 0 0 0 0 0 0 0 0 0 0 0 0 0 0 0 0 

0.541900	237048 7962 2212 1401 976 716 549 426 395 301 248 229 197 157 156 135 117 90 112 79 83 82 68 62 70 42 44 48 49 42 37 42 32 23 36 48 20 31 32 26 28 23 26 21 18 24 23 25 15 23 17 23 13 11 15 16 17 15 11 8 17 7 13 14 14 8 12 12 14 8 14 9 13 9 6 11 10 11 7 10 5 8 5 6 3 5 8 15 10 13 8 8 4 8 6 7 8 11 10 4 9 15 9 13 20 18 20 30 32 28 44 45 53 50 40 60 43 70 55 46 42 43 36 28 29 47 13 28 23 11 21 16 10 6 8 7 3 6 7 3 1 0 1 1 0 0 0 0 0 0 0 0 0 0 0 0 0 0 0 0 0 0 0 0 0 0 0 0 0 0 0 0 0 0 0 0 0 0 0 0 0 0 0 0 0 0 0 0 0 0 0 0 0 0 0 0 0 0 0 0 0 0 0 0 0 0 0 0 0 0 0 0 0 0 0 0 0 0 0 0 0 0 0 0 0 0 0 0 0 0 0 0 0 0 0 0 0 0 0 0 0 0 0 0 0 0 0 0 0 0 0 0 0 0 0 0 

0.542000	237068 7914 2199 1453 900 727 559 466 346 290 259 227 199 176 134 129 114 118 99 87 83 91 69 66 64 72 56 55 57 43 46 35 39 36 25 42 26 26 30 24 30 20 26 20 25 15 21 16 16 20 9 11 19 17 15 14 17 16 19 19 10 10 6 11 13 13 13 13 8 12 13 11 12 10 9 7 7 12 12 6 11 8 11 8 5 7 9 6 9 8 7 5 7 7 5 5 5 7 10 13 9 15 13 14 18 17 14 30 35 28 33 45 53 45 40 42 57 43 58 55 46 51 42 41 30 35 36 27 16 25 17 8 9 7 6 7 1 3 2 1 0 1 0 0 1 0 0 0 1 1 1 0 0 1 0 0 0 0 0 0 0 0 1 0 0 0 0 0 0 0 0 0 0 0 0 0 0 0 0 0 0 0 0 0 0 0 0 0 0 0 0 0 0 0 0 0 0 0 0 0 0 0 0 0 0 0 0 0 0 0 0 0 0 0 0 0 0 0 0 0 0 0 0 0 0 0 0 0 0 0 0 0 0 0 0 0 0 0 0 0 0 0 0 0 0 0 0 0 0 0 0 0 0 0 0 0 

0.542100	236929 8090 2105 1486 980 721 534 421 366 308 274 207 188 165 136 123 118 108 105 99 91 77 67 71 60 54 45 56 50 51 42 45 37 38 39 43 34 26 32 29 24 23 27 18 24 23 18 16 26 12 15 17 15 15 17 14 19 9 10 16 12 10 14 15 11 9 15 18 11 13 20 10 11 7 12 14 7 5 3 8 8 9 12 8 7 9 4 8 10 4 12 7 6 5 7 7 6 8 7 11 7 6 12 8 13 17 20 38 32 26 34 35 49 55 53 45 51 62 39 52 49 31 54 36 33 34 19 27 25 21 17 11 11 8 7 12 3 3 6 0 2 0 1 2 0 1 0 0 0 0 0 0 0 0 1 0 0 0 0 0 0 0 0 0 0 0 0 0 0 0 0 0 0 0 0 0 0 0 0 0 0 0 0 0 0 0 0 0 0 0 0 0 0 0 0 0 0 0 0 0 0 0 0 0 0 0 0 0 0 0 0 0 0 0 0 0 0 0 0 0 0 0 0 0 0 0 0 0 0 0 0 0 0 0 0 0 0 0 0 0 0 0 0 0 0 0 0 0 0 0 0 0 0 0 0 0 

0.542200	236820 8216 2233 1450 954 663 506 447 315 289 258 250 171 161 169 131 114 115 94 88 87 76 75 63 60 63 52 42 45 37 43 50 41 49 29 36 33 36 32 29 39 31 33 23 16 23 15 26 13 18 15 17 14 25 16 14 16 19 8 20 11 13 11 14 14 10 8 12 15 10 12 11 11 14 8 10 13 4 4 15 9 5 9 6 7 7 7 5 7 8 8 6 9 6 7 2 3 7 9 5 11 9 13 15 17 24 25 31 21 26 39 49 38 48 39 55 51 54 51 55 41 44 45 43 46 35 25 29 24 19 16 15 9 4 4 2 3 0 2 1 1 1 1 0 0 0 0 0 0 0 0 0 0 0 0 0 0 0 0 0 0 0 0 0 0 0 0 0 0 0 0 0 0 0 0 0 0 0 0 0 0 0 0 0 0 0 0 0 0 0 0 0 0 0 0 0 0 0 0 0 0 0 0 0 0 0 0 0 0 0 0 0 0 0 0 0 0 0 0 0 0 0 0 0 0 0 0 0 0 0 0 0 0 0 0 0 0 0 0 0 0 0 0 0 0 0 0 0 0 0 0 0 0 0 0 0 

0.542300	236842 8089 2324 1432 934 681 554 396 365 265 242 209 205 158 179 128 126 124 91 93 84 85 84 61 80 75 51 64 56 45 52 43 38 37 36 31 32 23 32 33 22 22 17 21 23 20 18 13 20 26 9 22 13 16 11 15 18 23 11 19 8 14 6 12 8 17 12 8 6 13 9 9 7 9 8 8 10 6 6 5 10 6 6 9 8 12 5 7 7 9 5 9 6 5 11 14 7 7 5 4 5 9 12 9 17 25 22 32 30 33 38 41 37 39 49 58 46 63 60 46 54 44 44 35 23 29 42 26 20 19 17 15 9 6 4 7 5 3 2 0 2 1 2 0 1 2 1 0 0 0 0 0 0 0 0 0 1 0 0 0 0 0 0 0 0 0 0 0 0 0 0 0 0 0 0 0 0 0 0 0 0 0 0 0 0 0 0 0 0 0 0 0 0 0 0 0 0 0 0 0 0 0 0 0 0 0 0 0 0 0 0 0 0 0 0 0 0 0 0 0 0 0 0 0 0 0 0 0 0 0 0 0 0 0 0 0 0 0 0 0 0 0 0 0 0 0 0 0 0 0 0 0 0 0 0 0 

0.542400	237305 7850 2213 1354 927 680 530 432 341 270 247 221 197 197 154 144 115 99 99 108 79 78 76 63 82 65 47 52 44 33 45 45 25 36 27 23 32 28 32 22 28 23 24 25 22 23 23 22 13 18 22 11 17 14 19 15 9 13 19 13 9 13 17 13 12 10 5 16 18 13 9 18 7 10 11 9 9 12 16 2 12 5 6 7 8 7 7 4 4 6 9 5 8 5 7 9 5 5 5 9 9 19 14 22 18 33 23 32 23 33 30 45 51 46 49 67 53 47 44 45 42 48 33 47 30 25 25 30 24 23 22 15 4 10 8 2 4 1 0 1 2 0 2 0 2 0 0 0 1 0 0 0 0 0 0 0 0 0 0 0 0 0 0 0 0 0 0 0 0 0 0 0 0 0 0 0 0 0 0 0 0 0 0 0 0 0 0 0 0 0 0 0 0 0 0 0 0 0 0 0 0 0 0 0 0 0 0 0 0 0 0 0 0 0 0 0 0 0 0 0 0 0 0 0 0 0 0 0 0 0 0 0 0 0 0 0 0 0 0 0 0 0 0 0 0 0 0 0 0 0 0 0 0 0 0 0 

0.542500	236877 8020 2241 1478 1019 673 529 435 375 312 257 223 191 148 168 127 136 107 96 89 68 76 62 81 63 42 50 50 45 46 35 46 28 30 36 35 40 33 23 27 25 27 25 14 27 27 19 18 24 27 22 17 20 16 10 17 12 20 25 19 11 18 8 15 12 10 17 8 11 14 15 4 10 11 11 6 6 9 2 7 12 11 4 9 10 4 8 3 11 6 8 6 6 2 5 5 11 7 5 9 9 12 12 11 19 25 28 19 16 28 30 37 53 51 57 51 48 53 62 45 46 49 36 32 40 45 28 25 14 20 10 16 11 9 12 5 4 2 2 3 2 0 2 0 0 1 0 0 0 1 0 0 0 0 0 0 0 0 0 0 0 0 0 0 0 0 0 0 0 0 0 0 0 0 0 0 0 0 0 0 0 0 0 0 0 0 0 0 0 0 0 0 0 0 0 0 0 0 0 0 0 0 0 0 0 0 0 0 0 0 0 0 0 0 0 0 0 0 0 0 0 0 0 0 0 0 0 0 0 0 0 0 0 0 0 0 0 0 0 0 0 0 0 0 0 0 0 0 0 0 0 0 0 0 0 0 

0.542600	237249 7947 2091 1374 941 705 515 428 338 287 263 214 196 168 143 136 104 127 94 94 87 85 80 63 66 76 59 44 43 48 52 53 35 34 34 28 36 33 27 25 31 23 28 20 24 29 22 20 21 13 12 20 15 18 15 23 13 11 19 9 21 12 15 14 11 14 10 13 15 11 9 11 8 10 15 10 8 11 7 7 8 5 7 6 5 6 6 9 10 8 7 6 6 7 9 5 7 4 6 12 11 12 15 14 21 11 32 28 23 24 42 33 51 41 42 65 47 57 44 52 63 47 45 46 36 32 33 16 24 17 9 8 10 6 3 4 1 3 2 2 2 0 0 0 0 0 1 1 0 1 0 0 0 0 0 0 0 0 0 0 0 0 0 0 0 0 0 0 0 0 0 0 0 0 0 0 0 0 0 0 0 0 0 0 0 0 0 0 0 0 0 0 0 0 0 0 0 0 0 0 0 0 0 0 0 0 0 0 0 0 0 0 0 0 0 0 0 0 0 0 0 0 0 0 0 0 0 0 0 0 0 0 0 0 0 0 0 0 0 0 0 0 0 0 0 0 0 0 0 0 0 0 0 0 0 0 

0.542700	237033 8053 2123 1426 966 718 535 408 338 297 266 223 181 183 144 151 120 122 105 85 76 70 79 57 51 66 45 46 48 44 49 37 39 37 33 31 43 24 30 26 35 22 29 27 21 21 19 23 20 26 26 17 11 15 17 17 21 17 11 19 15 21 13 17 11 12 12 11 11 7 9 8 5 9 6 12 11 10 7 9 6 8 7 15 3 5 9 6 6 5 7 5 7 6 10 10 7 7 9 8 6 9 16 14 14 19 20 25 38 33 33 23 45 46 50 52 58 49 61 58 45 43 54 44 38 31 32 21 19 9 14 9 6 9 7 5 2 2 3 3 0 1 1 3 1 0 0 0 0 0 0 0 0 1 0 0 0 0 0 0 0 0 0 0 0 0 0 0 0 0 0 0 0 0 0 0 0 0 0 0 0 0 0 0 0 0 0 0 0 0 0 0 0 0 0 0 0 0 0 0 0 0 0 0 0 0 0 0 0 0 0 0 0 0 0 0 0 0 0 0 0 0 0 0 0 0 0 0 0 0 0 0 0 0 0 0 0 0 0 0 0 0 0 0 0 0 0 0 0 0 0 0 0 0 0 0 

0.542800	236943 8048 2175 1449 967 697 533 387 372 297 240 231 180 176 164 152 112 113 117 100 89 89 71 68 66 54 53 53 39 42 47 36 48 31 46 32 30 28 28 32 36 27 27 23 21 28 29 24 19 14 18 18 24 17 7 12 17 14 9 19 10 15 13 12 6 17 4 9 13 12 10 8 7 9 12 12 12 8 5 9 8 9 7 7 6 7 6 4 5 5 7 6 4 4 7 10 11 3 9 7 12 8 18 15 15 19 26 22 33 31 36 42 45 45 54 52 59 55 49 46 52 38 37 41 33 22 30 27 25 19 19 14 10 10 6 3 2 4 1 1 2 0 1 2 0 1 0 1 0 0 0 0 0 0 0 0 0 0 0 0 0 0 0 0 0 0 0 0 0 0 0 0 0 0 0 0 0 0 0 0 0 0 0 0 0 0 0 0 0 0 0 0 0 0 0 0 0 0 0 0 0 0 0 0 0 0 0 0 0 0 0 0 0 0 0 0 0 0 0 0 0 0 0 0 0 0 0 0 0 0 0 0 0 0 0 0 0 0 0 0 0 0 0 0 0 0 0 0 0 0 0 0 0 0 0 0 

0.542901	236911 8034 2301 1444 972 707 516 409 361 242 256 226 175 157 167 130 123 103 117 107 93 89 64 56 59 58 53 67 49 53 38 42 36 41 42 30 42 21 25 24 34 22 27 32 17 11 23 12 21 21 20 14 10 8 19 15 12 16 10 15 21 13 14 15 18 12 8 13 12 10 14 9 9 7 13 5 12 7 11 7 11 6 8 10 12 10 6 8 5 4 2 5 10 4 7 6 8 9 6 5 14 12 14 15 18 21 20 23 31 31 40 44 35 53 37 47 50 62 43 62 55 42 44 43 34 33 37 25 16 17 8 15 10 8 4 6 3 5 1 2 1 1 0 0 1 1 0 1 0 0 0 0 0 0 0 0 0 0 0 0 0 0 0 0 0 0 0 0 0 0 0 0 0 0 0 0 0 0 0 0 0 0 0 0 0 0 0 0 0 0 0 0 0 0 0 0 0 0 0 0 0 0 0 0 0 0 0 0 0 0 0 0 0 0 0 0 0 0 0 0 0 0 0 0 0 0 0 0 0 0 0 0 0 0 0 0 0 0 0 0 0 0 0 0 0 0 0 0 0 0 0 0 0 0 0 0 

0.543001	237110 8033 2215 1341 938 666 490 439 379 301 260 212 190 186 167 130 121 93 107 101 88 87 65 71 49 48 56 47 46 47 39 41 35 39 45 29 32 20 18 27 29 28 23 20 17 22 14 18 28 16 19 12 19 17 22 13 14 16 21 19 15 13 16 13 19 14 15 8 11 15 13 13 16 5 8 13 4 6 4 5 9 7 10 7 6 4 9 11 13 15 7 4 8 10 6 7 3 3 5 12 12 12 7 8 22 26 32 24 30 35 31 38 50 49 36 58 48 61 52 50 46 47 36 48 45 23 34 24 20 15 12 10 9 4 7 1 5 2 1 3 1 1 1 0 1 1 0 0 0 0 0 0 1 0 0 0 0 0 0 0 0 0 0 0 0 0 0 0 0 0 0 0 0 0 0 0 0 0 0 0 0 0 0 0 0 0 0 0 0 0 0 0 0 0 0 0 0 0 0 0 0 0 0 0 0 0 0 0 0 0 0 0 0 0 0 0 0 0 0 0 0 0 0 0 0 0 0 0 0 0 0 0 0 0 0 0 0 0 0 0 0 0 0 0 0 0 0 0 0 0 0 0 0 0 0 0 

0.543101	236891 8030 2235 1462 940 716 562 447 365 311 216 233 170 158 130 154 109 123 101 103 78 82 85 76 67 60 48 43 43 49 47 39 42 40 44 32 33 33 30 23 21 34 27 21 19 28 17 18 13 16 22 17 16 14 18 17 13 15 14 16 12 13 8 10 11 17 12 9 12 8 10 13 12 5 6 15 8 6 6 7 8 8 11 11 8 8 7 7 4 5 4 6 9 5 10 9 6 3 7 12 9 10 13 17 17 18 25 22 29 37 44 37 42 44 59 48 45 56 51 40 53 40 41 40 49 29 35 25 31 16 11 6 8 5 7 6 2 0 4 4 2 1 0 1 0 0 1 0 0 0 0 0 1 0 0 1 0 0 0 0 0 0 0 0 0 0 0 0 0 0 0 0 0 0 0 0 0 0 0 0 0 0 0 0 0 0 0 0 0 0 0 0 0 0 0 0 0 0 0 0 0 0 0 0 0 0 0 0 0 0 0 0 0 0 0 0 0 0 0 0 0 0 0 0 0 0 0 0 0 0 0 0 0 0 0 0 0 0 0 0 0 0 0 0 0 0 0 0 0 0 0 0 0 0 0 0 

0.543201	237192 7931 2158 1446 948 678 495 445 340 282 242 237 184 161 128 158 118 98 102 84 89 79 79 69 63 66 57 48 50 47 47 41 40 30 35 28 30 37 26 26 26 39 23 23 31 19 19 18 16 22 21 23 13 21 15 16 17 13 12 16 13 12 10 11 10 16 11 11 13 7 16 12 18 12 11 9 5 10 3 2 8 6 9 7 9 6 4 6 8 6 5 3 11 9 2 9 6 8 9 12 14 9 12 16 17 23 14 31 29 29 35 49 43 50 58 56 48 51 48 56 53 32 48 39 28 31 30 20 27 15 10 16 11 6 6 1 5 2 4 3 4 2 0 2 0 0 0 0 1 0 0 0 0 0 0 0 0 0 0 0 0 0 0 0 0 0 0 0 0 0 0 0 0 0 0 0 0 0 0 0 0 0 0 0 0 0 0 0 0 0 0 0 0 0 0 0 0 0 0 0 0 0 0 0 0 0 0 0 0 0 0 0 0 0 0 0 0 0 0 0 0 0 0 0 0 0 0 0 0 0 0 0 0 0 0 0 0 0 0 0 0 0 0 0 0 0 0 0 0 0 0 0 0 0 0 0 

0.543301	237054 7941 2189 1437 998 663 559 459 362 331 272 219 176 168 134 119 113 87 97 87 69 73 68 68 53 69 54 54 50 48 42 29 42 34 29 43 35 38 25 34 35 32 24 27 17 22 28 19 13 14 19 15 16 14 15 25 14 13 8 16 9 12 12 10 12 9 12 6 14 8 7 7 10 17 11 19 9 16 6 9 8 12 4 4 7 5 8 6 10 5 6 3 8 11 6 9 7 10 12 14 15 9 15 12 19 16 19 33 29 36 35 40 41 59 44 53 48 64 47 46 58 50 49 37 33 25 28 17 23 18 13 8 8 7 7 4 2 2 2 1 1 1 0 0 0 1 1 0 1 0 0 1 0 0 0 0 0 0 0 0 0 0 0 0 0 0 0 0 0 0 0 0 0 0 0 0 0 0 0 0 0 0 0 0 0 0 0 0 0 0 0 0 0 0 0 0 0 0 0 0 0 0 0 0 0 0 0 0 0 0 0 0 0 0 0 0 0 0 0 0 0 0 0 0 0 0 0 0 0 0 0 0 0 0 0 0 0 0 0 0 0 0 0 0 0 0 0 0 0 0 0 0 0 0 0 0 

0.543401	237048 7997 2245 1362 945 729 531 428 328 301 255 222 169 167 149 120 155 104 106 89 79 86 73 64 62 69 55 41 49 55 42 46 29 43 36 28 34 26 28 27 26 22 28 24 21 16 27 26 22 21 13 21 16 17 16 22 12 20 17 12 11 16 15 16 11 9 8 11 8 7 9 13 10 8 7 8 9 13 9 8 7 9 5 5 6 7 5 8 8 7 6 6 8 8 7 10 7 6 9 9 11 12 19 14 19 34 13 38 28 33 38 44 42 54 58 43 48 59 46 45 40 50 44 34 23 41 30 15 14 18 16 17 9 3 8 6 5 4 4 0 1 4 1 1 0 0 0 0 0 0 0 0 0 0 0 0 0 0 0 0 0 0 0 0 0 0 0 0 0 0 0 0 0 0 0 0 0 0 0 0 0 0 0 0 0 0 0 0 0 0 0 0 0 0 0 0 0 0 0 0 0 0 0 0 0 0 0 0 0 0 0 0 0 0 0 0 0 0 0 0 0 0 0 0 0 0 0 0 0 0 0 0 0 0 0 0 0 0 0 0 0 0 0 0 0 0 0 0 0 0 0 0 0 0 0 0 

0.543501	237149 7834 2164 1473 980 716 543 417 342 305 234 204 182 169 159 111 129 110 115 98 92 79 69 70 60 71 67 49 55 42 42 45 41 38 39 35 41 25 27 23 27 26 31 20 20 15 19 19 18 18 21 13 12 15 15 18 20 14 16 19 13 13 16 9 9 10 11 9 10 10 11 11 8 12 8 9 11 13 8 10 4 5 8 10 8 7 6 2 5 9 8 4 4 6 8 7 19 11 8 15 5 10 14 23 24 14 23 20 37 30 46 30 41 58 43 48 59 45 48 48 49 55 61 32 31 31 21 25 18 14 18 12 4 6 7 7 4 3 3 0 2 0 0 0 0 1 0 1 0 0 0 0 0 0 0 0 0 0 0 0 0 0 0 0 0 0 0 0 0 0 0 0 0 0 0 0 0 0 0 0 0 0 0 0 0 0 0 0 0 0 0 0 0 0 0 0 0 0 0 0 0 0 0 0 0 0 0 0 0 0 0 0 0 0 0 0 0 0 0 0 0 0 0 0 0 0 0 0 0 0 0 0 0 0 0 0 0 0 0 0 0 0 0 0 0 0 0 0 0 0 0 0 0 0 0 0 

0.543601	237106 8029 2205 1408 962 684 519 410 346 282 249 196 191 187 143 138 113 104 111 98 73 82 80 56 77 55 54 51 54 45 44 40 40 43 29 27 35 21 22 21 34 33 21 19 17 13 15 9 15 15 20 23 13 25 14 13 10 14 17 12 13 16 20 12 10 11 13 14 9 8 10 8 10 9 15 10 8 7 7 7 3 14 7 10 6 8 7 9 8 6 7 7 14 4 8 6 9 6 7 9 10 14 14 21 17 15 24 34 40 31 38 34 57 39 48 47 56 67 63 51 48 41 53 40 31 19 21 21 18 22 18 14 8 5 2 5 2 7 1 2 1 0 0 0 0 0 1 0 1 0 0 1 0 0 0 0 0 0 0 0 0 0 0 0 0 0 0 0 0 0 0 0 0 0 0 0 0 0 0 0 0 0 0 0 0 0 0 0 0 0 0 0 0 0 0 0 0 0 0 0 0 0 0 0 0 0 0 0 0 0 0 0 0 0 0 0 0 0 0 0 0 0 0 0 0 0 0 0 0 0 0 0 0 0 0 0 0 0 0 0 0 0 0 0 0 0 0 0 0 0 0 0 0 0 0 0 

0.543701	236919 8144 2264 1412 923 683 508 418 377 245 244 235 204 170 172 124 125 101 94 87 69 74 64 64 66 63 62 61 40 34 47 35 45 48 43 25 38 39 30 37 28 25 23 24 30 24 18 26 18 29 18 13 16 15 19 13 16 12 12 15 10 11 14 11 16 10 15 12 14 11 14 7 10 7 7 9 9 9 5 10 7 6 7 10 6 7 10 9 5 12 6 5 1 5 4 6 12 11 6 11 11 6 17 12 14 17 19 19 29 37 40 47 43 46 55 35 49 52 55 47 43 56 42 36 35 30 42 23 12 20 25 10 11 6 7 5 2 3 0 5 2 1 0 2 1 0 1 0 1 0 0 0 0 1 0 0 0 0 0 0 0 0 0 0 0 0 0 0 0 0 0 0 0 0 0 0 0 0 0 0 0 0 0 0 0 0 0 0 0 0 0 0 0 0 0 0 0 0 0 0 0 0 0 0 0 0 0 0 0 0 0 0 0 0 0 0 0 0 0 0 0 0 0 0 0 0 0 0 0 0 0 0 0 0 0 0 0 0 0 0 0 0 0 0 0 0 0 0 0 0 0 0 0 0 0 0 

0.543801	237355 7820 2206 1347 937 696 552 397 326 300 234 225 189 161 162 158 119 106 98 80 79 85 71 56 64 45 47 44 49 35 53 29 46 41 26 50 33 39 25 25 32 27 29 22 23 21 23 19 17 14 17 19 21 14 8 11 18 14 16 15 13 14 14 13 17 7 10 12 10 8 15 12 12 10 8 5 11 11 9 9 5 8 9 10 7 7 11 9 11 8 7 7 7 7 4 3 8 10 2 7 19 13 16 19 22 22 27 34 33 24 42 44 35 46 57 56 55 47 38 53 56 56 44 35 37 24 30 21 19 17 15 8 9 3 4 4 3 3 2 1 0 0 1 0 0 2 0 0 1 0 1 0 0 0 0 0 0 0 0 0 0 0 0 0 1 0 0 0 0 0 0 0 0 0 0 0 0 0 0 0 0 0 0 0 0 0 0 0 0 0 0 0 0 0 0 0 0 0 0 0 0 0 0 0 0 0 0 0 0 0 0 0 0 0 0 0 0 0 0 0 0 0 0 0 0 0 0 0 0 0 0 0 0 0 0 0 0 0 0 0 0 0 0 0 0 0 0 0 0 0 0 0 0 0 0 0 

0.543901	237327 7850 2201 1358 1005 664 540 414 307 299 243 199 191 162 150 126 118 101 86 80 86 86 71 70 63 75 50 56 46 39 44 52 43 32 31 35 21 24 38 32 29 21 29 23 23 16 15 12 23 24 17 17 17 12 17 14 16 20 10 18 16 11 19 10 9 6 10 9 10 14 11 14 9 7 8 11 8 10 5 12 11 12 6 5 9 11 10 11 13 10 3 9 10 6 6 3 7 8 12 8 11 15 15 15 18 19 27 23 30 33 52 53 59 48 58 51 43 53 55 43 40 48 36 41 27 30 32 22 13 14 16 11 10 3 6 3 5 3 1 2 1 0 1 2 1 0 0 0 0 0 0 0 0 0 0 0 0 0 0 0 0 0 0 0 0 0 0 0 0 0 0 0 0 0 0 0 0 0 0 0 0 0 0 0 0 0 0 0 0 0 0 0 0 0 0 0 0 0 0 0 0 0 0 0 0 0 0 0 0 0 0 0 0 0 0 0 0 0 0 0 0 0 0 0 0 0 0 0 0 0 0 0 0 0 0 0 0 0 0 0 0 0 0 0 0 0 0 0 0 0 0 0 0 0 0 0 

0.544001	237268 7819 2202 1435 983 684 538 432 340 268 281 205 179 163 136 129 114 130 88 92 75 94 60 53 65 56 50 56 41 59 35 40 46 36 37 30 23 26 15 26 32 28 21 20 26 21 17 23 13 18 17 23 17 22 15 19 16 8 16 11 23 10 8 11 9 16 8 8 14 11 5 8 6 9 10 4 16 8 13 13 5 11 8 9 11 4 7 12 7 7 3 5 8 5 7 11 9 7 5 13 10 14 12 9 23 25 25 16 37 41 21 43 52 52 56 66 60 50 53 53 40 41 40 51 38 23 22 25 18 22 9 9 12 4 8 8 5 1 2 0 0 1 0 1 1 0 0 1 0 0 0 0 0 0 0 0 0 0 0 0 0 0 0 0 0 0 0 0 0 0 0 0 0 0 0 0 0 0 0 0 0 0 0 0 0 0 0 0 0 0 0 0 0 0 0 0 0 0 0 0 0 0 0 0 0 0 0 0 0 0 0 0 0 0 0 0 0 0 0 0 0 0 0 0 0 0 0 0 0 0 0 0 0 0 0 0 0 0 0 0 0 0 0 0 0 0 0 0 0 0 0 0 0 0 0 0 

0.544101	237163 8042 2097 1439 990 703 549 429 351 288 213 206 187 144 132 145 140 115 110 86 67 68 55 59 62 55 52 49 49 35 47 41 32 34 39 27 31 20 30 25 24 25 22 29 24 16 22 23 14 15 14 14 10 11 14 22 18 15 15 12 9 12 14 17 21 13 14 11 10 23 12 9 12 6 11 8 8 9 5 13 8 12 3 8 7 6 6 11 9 3 9 4 12 9 9 5 6 10 14 9 9 17 21 13 18 18 21 36 37 37 38 37 40 37 55 53 52 56 57 49 41 38 46 39 28 28 31 19 35 15 14 11 6 12 7 2 1 3 4 3 1 2 1 0 2 1 1 2 0 0 0 0 0 0 0 0 0 0 0 0 0 0 0 0 0 0 0 0 0 0 0 0 0 0 0 0 0 0 0 0 0 0 0 0 0 0 0 0 0 0 0 0 0 0 0 0 0 0 0 0 0 0 0 0 0 0 0 0 0 0 0 0 0 0 0 0 0 0 0 0 0 0 0 0 0 0 0 0 0 0 0 0 0 0 0 0 0 0 0 0 0 0 0 0 0 0 0 0 0 0 0 0 0 0 0 0 

0.544201	237037 8008 2280 1436 1001 695 508 439 350 278 251 203 158 144 154 119 127 96 102 94 81 75 72 70 52 67 45 60 38 51 32 42 29 39 34 38 33 27 29 32 22 29 21 27 20 14 21 21 14 16 16 19 12 16 19 19 12 13 14 9 9 18 16 14 12 7 14 7 10 6 18 12 10 10 14 7 11 10 6 7 9 1 7 7 14 8 11 12 4 10 9 11 7 11 5 6 12 8 13 6 12 8 12 17 21 17 23 17 32 34 42 44 54 41 52 49 46 73 49 56 42 44 45 35 32 31 18 29 25 15 9 17 11 3 10 3 6 5 2 1 1 0 1 0 0 0 2 0 0 0 0 0 0 1 0 0 0 0 0 0 0 0 0 0 0 0 0 0 0 0 0 0 0 0 0 0 0 0 0 0 0 0 0 0 0 0 0 0 0 0 0 0 0 0 0 0 0 0 0 0 0 0 0 0 0 0 0 0 0 0 0 0 0 0 0 0 0 0 0 0 0 0 0 0 0 0 0 0 0 0 0 0 0 0 0 0 0 0 0 0 0 0 0 0 0 0 0 0 0 0 0 0 0 0 0 0 

0.544301	237369 7861 2223 1359 944 688 498 443 328 275 239 221 175 163 146 126 117 110 102 79 85 73 57 72 57 58 61 51 48 41 42 41 33 23 26 37 25 27 25 41 30 21 19 17 19 26 14 15 21 27 15 23 23 30 22 10 12 13 14 13 22 16 13 9 14 7 19 14 14 8 11 10 12 13 14 9 8 7 7 11 13 11 7 9 10 7 5 4 12 7 4 8 8 5 9 5 2 7 12 5 11 15 16 18 15 32 18 31 32 33 38 40 55 47 39 56 51 54 51 55 44 44 57 38 31 27 19 24 23 17 10 7 9 11 6 7 4 1 2 1 1 1 0 1 0 0 1 0 0 1 0 0 0 0 0 0 0 1 0 0 0 0 0 0 0 0 0 0 0 0 0 0 0 0 0 0 0 0 0 0 0 0 0 0 0 0 0 0 0 0 0 0 0 0 0 0 0 0 0 0 0 0 0 0 0 0 0 0 0 0 0 0 0 0 0 0 0 0 0 0 0 0 0 0 0 0 0 0 0 0 0 0 0 0 0 0 0 0 0 0 0 0 0 0 0 0 0 0 0 0 0 0 0 0 0 0 

0.544401	236933 8145 2156 1392 980 742 504 390 361 290 237 233 186 144 152 137 116 101 107 87 112 80 92 70 59 56 58 57 43 58 50 42 48 47 24 35 34 28 28 29 23 22 25 19 22 27 18 20 21 19 28 13 19 17 16 13 16 20 20 16 11 15 9 16 8 13 7 9 10 13 8 7 11 11 11 18 9 9 3 10 11 6 10 8 9 5 9 10 2 4 3 5 14 7 5 6 3 10 8 8 3 11 14 8 14 20 9 30 35 31 34 52 47 49 48 58 53 42 56 53 51 40 39 43 32 29 29 21 18 25 18 12 7 10 6 5 2 2 1 2 2 3 1 0 0 1 0 0 0 0 0 1 0 0 0 0 0 1 0 0 0 0 0 0 0 0 0 0 0 0 0 0 0 0 0 0 0 0 0 0 0 0 0 0 0 0 0 0 0 0 0 0 0 0 0 0 0 0 0 0 0 0 0 0 0 0 0 0 0 0 0 0 0 0 0 0 0 0 0 0 0 0 0 0 0 0 0 0 0 0 0 0 0 0 0 0 0 0 0 0 0 0 0 0 0 0 0 0 0 0 0 0 0 0 0 0 

0.544501	237429 7945 2101 1369 881 720 531 431 325 303 251 181 185 164 133 125 113 98 86 93 78 87 65 58 62 63 55 43 41 42 43 36 30 33 38 31 25 34 34 24 28 23 20 21 19 26 21 20 19 23 23 28 21 15 7 18 12 25 13 10 13 17 13 18 9 7 12 12 10 11 14 11 14 6 4 10 7 7 11 5 14 14 7 7 6 14 6 10 3 6 8 6 8 6 9 9 5 7 9 7 15 10 17 18 19 33 27 32 33 35 45 42 45 48 39 47 55 53 53 40 50 61 35 32 37 24 38 23 12 17 16 10 5 8 6 4 7 3 2 3 1 1 0 0 1 2 0 0 1 0 0 1 0 0 0 0 0 0 0 0 0 0 0 0 0 0 0 0 0 0 0 0 0 0 0 0 0 0 0 0 0 0 0 0 0 0 0 0 0 0 0 0 0 0 0 0 0 0 0 0 0 0 0 0 0 0 0 0 0 0 0 0 0 0 0 0 0 0 0 0 0 0 0 0 0 0 0 0 0 0 0 0 0 0 0 0 0 0 0 0 0 0 0 0 0 0 0 0 0 0 0 0 0 0 0 0 

0.544601	237220 7973 2229 1427 958 716 485 397 324 276 240 242 171 151 145 120 112 101 81 76 91 78 77 72 49 51 45 44 38 43 55 38 34 45 38 33 27 28 29 22 36 25 30 30 19 20 25 22 13 17 20 21 24 18 18 12 15 15 12 15 10 12 17 19 17 9 15 10 9 9 8 10 10 7 14 10 12 8 5 12 8 8 9 8 11 5 6 6 3 5 10 7 7 6 7 6 10 13 7 9 9 13 13 14 19 25 29 28 39 31 43 35 31 50 49 45 52 63 51 52 46 45 35 48 38 33 25 30 16 18 13 10 8 11 5 7 5 0 4 2 0 1 0 0 2 0 0 0 0 0 1 0 0 0 0 0 0 0 0 0 0 0 0 0 0 0 0 0 0 0 0 0 0 0 0 0 0 0 0 0 0 0 0 0 0 0 0 0 0 0 0 0 0 0 0 0 0 0 0 0 0 0 0 0 0 0 0 0 0 0 0 0 0 0 0 0 0 0 0 0 0 0 0 0 0 0 0 0 0 0 0 0 0 0 0 0 0 0 0 0 0 0 0 0 0 0 0 0 0 0 0 0 0 0 0 0 

0.544701	237138 8037 2218 1403 893 686 519 413 334 287 243 217 196 164 151 131 130 94 81 103 84 91 78 74 59 55 64 43 37 44 37 41 33 41 44 42 34 38 28 28 25 25 18 22 15 26 12 18 19 13 23 20 20 22 17 10 13 18 19 23 15 12 9 10 16 8 10 13 12 12 14 11 10 7 9 9 6 6 4 10 7 13 7 4 9 8 9 8 8 3 5 6 9 7 4 5 4 5 13 9 8 14 12 15 20 20 32 22 40 43 27 47 54 57 47 53 45 61 44 36 48 53 46 41 41 25 30 25 19 15 12 8 9 3 4 5 4 3 3 2 1 0 2 0 1 1 0 0 1 0 0 0 0 0 0 0 0 0 0 0 0 0 0 0 0 0 0 0 0 0 0 0 0 0 0 0 0 0 0 0 0 0 0 0 0 0 0 0 0 0 0 0 0 0 0 0 0 0 0 0 0 0 0 0 0 0 0 0 0 0 0 0 0 0 0 0 0 0 0 0 0 0 0 0 0 0 0 0 0 0 0 0 0 0 0 0 0 0 0 0 0 0 0 0 0 0 0 0 0 0 0 0 0 0 0 0 

0.544801	237131 8008 2225 1368 990 689 578 400 316 287 259 202 192 148 154 121 119 94 87 102 82 70 71 72 59 53 52 45 43 37 36 39 45 33 39 28 39 27 22 30 27 27 27 20 37 25 21 21 21 23 20 14 14 20 11 13 13 12 15 16 11 17 14 13 8 7 18 7 16 7 6 7 13 12 15 14 8 7 9 11 6 15 4 6 8 6 6 7 8 8 10 8 2 12 6 10 9 7 10 9 9 14 13 11 22 26 25 23 38 32 47 36 47 64 53 45 48 57 46 47 46 43 39 42 31 33 35 25 23 10 14 9 8 10 3 3 2 3 0 0 0 2 1 2 1 0 0 0 0 1 0 0 0 0 0 0 0 0 1 0 0 0 0 0 0 0 0 0 0 0 0 0 0 0 0 0 0 0 0 0 0 0 0 0 0 0 0 0 0 0 0 0 0 0 0 0 0 0 0 0 0 0 0 0 0 0 0 0 0 0 0 0 0 0 0 0 0 0 0 0 0 0 0 0 0 0 0 0 0 0 0 0 0 0 0 0 0 0 0 0 0 0 0 0 0 0 0 0 0 0 0 0 0 0 0 0 

0.544901	237220 8040 2118 1405 923 738 529 415 342 296 244 199 166 191 123 130 109 104 103 68 77 68 63 88 48 59 51 51 49 36 60 23 39 26 36 37 35 35 29 37 34 16 29 23 21 13 22 13 21 18 17 16 13 21 19 14 22 11 19 21 14 14 13 12 16 9 10 16 7 10 6 14 8 14 9 10 8 11 9 6 11 6 9 10 8 6 11 4 6 7 8 3 9 7 8 6 7 3 11 9 13 13 22 15 16 19 22 32 27 19 40 41 34 47 56 48 66 64 53 54 44 49 39 38 47 27 38 21 22 14 6 13 10 9 3 1 2 2 2 2 2 1 2 1 0 0 1 0 0 1 0 0 0 0 0 0 0 0 0 0 0 0 0 0 0 0 0 0 0 0 0 0 0 0 0 0 0 0 0 0 0 0 0 0 0 0 0 0 0 0 0 0 0 0 0 0 0 0 0 0 0 0 0 0 0 0 0 0 0 0 0 0 0 0 0 0 0 0 0 0 0 0 0 0 0 0 0 0 0 0 0 0 0 0 0 0 0 0 0 0 0 0 0 0 0 0 0 0 0 0 0 0 0 0 0 0 

0.545001	237464 7788 2130 1383 966 656 516 363 334 290 229 226 196 168 159 132 141 98 107 96 86 72 90 64 63 76 43 45 39 50 30 55 39 35 33 42 34 22 28 18 28 25 24 22 24 16 17 17 21 28 13 22 14 14 24 25 16 18 9 12 8 19 13 8 9 7 19 12 13 13 2 9 10 17 11 12 12 6 9 13 12 9 10 6 9 6 7 5 4 11 7 2 6 3 8 10 9 7 11 10 6 11 12 23 12 32 29 23 32 35 31 39 44 50 52 67 54 58 74 51 50 37 43 33 32 31 25 17 19 10 14 8 6 2 4 7 3 1 2 1 1 0 2 1 0 0 0 1 0 0 1 1 0 0 0 0 0 0 0 0 0 0 0 0 0 0 0 0 0 0 0 0 0 0 0 0 0 0 0 0 0 0 0 0 0 0 0 0 0 0 0 0 0 0 0 0 0 0 0 0 0 0 0 0 0 0 0 0 0 0 0 0 0 0 0 0 0 0 0 0 0 0 0 0 0 0 0 0 0 0 0 0 0 0 0 0 0 0 0 0 0 0 0 0 0 0 0 0 0 0 0 0 0 0 0 0 

0.545101	237299 7966 2091 1387 928 636 558 455 351 286 278 226 180 167 126 131 115 112 88 76 84 95 75 69 58 61 40 61 40 49 36 33 37 28 28 32 31 32 29 26 32 27 24 26 19 19 25 16 18 19 21 23 24 19 16 14 17 18 12 13 17 9 6 11 12 15 12 9 5 9 9 11 12 12 8 9 4 8 7 5 10 10 12 13 8 9 6 4 6 11 3 2 8 9 13 8 5 9 10 12 12 18 13 17 13 36 22 27 35 27 40 42 42 48 53 43 65 49 57 45 50 41 54 34 25 32 22 30 20 14 16 13 10 7 5 8 4 0 0 2 2 0 0 0 0 0 1 1 0 0 0 1 0 0 0 0 0 0 0 0 0 0 0 0 0 0 0 0 0 0 0 0 0 0 0 0 0 0 0 0 0 0 0 0 0 0 0 0 0 0 0 0 0 0 0 0 0 0 0 0 0 0 0 0 0 0 0 0 0 0 0 0 0 0 0 0 0 0 0 0 0 0 0 0 0 0 0 0 0 0 0 0 0 0 0 0 0 0 0 0 0 0 0 0 0 0 0 0 0 0 0 0 0 0 0 0 

0.545201	237081 8020 2169 1364 1005 691 516 413 349 302 258 211 205 173 134 115 130 135 102 95 65 70 75 63 64 55 60 55 48 49 49 43 37 35 25 42 35 34 30 28 29 28 21 21 18 17 17 19 22 14 23 16 10 18 9 11 13 20 15 20 18 15 14 18 11 7 17 10 13 12 14 8 13 6 10 12 10 7 8 7 13 15 8 9 7 7 12 6 5 7 3 4 5 7 6 7 4 9 9 6 8 15 17 15 25 19 24 38 28 49 34 42 35 53 54 56 50 57 33 58 40 56 38 42 22 28 33 19 22 16 11 8 13 5 2 5 5 2 0 3 2 0 0 1 0 2 0 1 0 0 0 0 0 0 0 0 0 0 0 0 0 0 0 0 0 0 0 0 0 0 0 0 0 0 0 0 0 0 0 0 0 0 0 0 0 0 0 0 0 0 0 0 0 0 0 0 0 0 0 0 0 0 0 0 0 0 0 0 0 0 0 0 0 0 0 0 0 0 0 0 0 0 0 0 0 0 0 0 0 0 0 0 0 0 0 0 0 0 0 0 0 0 0 0 0 0 0 0 0 0 0 0 0 0 0 0 

0.545301	237381 7930 2132 1373 912 643 545 418 332 276 235 211 200 186 140 130 111 95 105 100 82 79 88 55 62 59 55 43 41 49 37 45 37 33 37 27 27 27 27 36 26 28 22 24 20 22 18 15 22 20 21 21 24 21 9 14 18 19 10 10 8 10 12 18 14 14 12 14 8 8 9 10 15 7 8 7 9 17 9 6 9 12 4 7 7 10 3 4 11 6 8 10 8 6 8 10 9 7 13 7 11 16 19 18 16 22 32 23 37 47 36 42 49 62 38 52 62 46 60 47 39 43 49 35 28 30 19 22 23 12 15 10 5 6 7 4 5 3 1 2 0 1 0 1 1 0 0 0 0 1 0 0 0 0 0 0 0 0 0 0 0 0 0 0 0 0 0 0 0 0 0 0 0 0 0 0 0 0 0 0 0 0 0 0 0 0 0 0 0 0 0 0 0 0 0 0 0 0 0 0 0 0 0 0 0 0 0 0 0 0 0 0 0 0 0 0 0 0 0 0 0 0 0 0 0 0 0 0 0 0 0 0 0 0 0 0 0 0 0 0 0 0 0 0 0 0 0 0 0 0 0 0 0 0 0 0 

0.545401	237212 7999 2158 1365 929 671 523 433 375 309 237 223 173 156 142 139 112 107 102 89 67 73 74 65 57 59 57 49 40 42 46 50 31 34 48 43 32 34 22 22 32 29 26 26 28 25 23 23 26 17 16 20 12 11 16 25 17 10 17 14 11 13 16 12 13 10 10 9 14 6 9 6 9 10 14 9 11 12 15 7 5 9 5 10 14 4 5 7 7 8 5 6 7 4 7 7 11 9 7 10 17 15 15 12 17 12 25 28 37 40 46 40 35 45 50 44 58 37 41 53 48 46 41 45 34 42 31 23 17 11 16 11 15 3 5 4 4 3 1 1 3 1 3 1 2 0 0 1 2 0 0 0 0 0 0 0 0 0 0 0 0 0 0 0 0 0 0 0 0 0 0 0 0 0 0 0 0 0 0 0 0 0 0 0 0 0 0 0 0 0 0 0 0 0 0 0 0 0 0 0 0 0 0 0 0 0 0 0 0 0 0 0 0 0 0 0 0 0 0 0 0 0 0 0 0 0 0 0 0 0 0 0 0 0 0 0 0 0 0 0 0 0 0 0 0 0 0 0 0 0 0 0 0 0 0 0 

0.545501	237230 7882 2203 1390 930 702 538 430 334 286 241 222 208 151 134 123 131 118 80 92 84 80 62 65 57 66 55 51 46 31 56 52 45 35 36 42 34 24 35 33 28 28 28 21 26 26 29 17 21 19 14 13 14 28 11 14 13 8 16 15 11 12 15 12 16 17 13 10 10 8 12 12 12 10 8 7 10 11 9 7 7 5 7 12 6 13 3 9 10 11 7 4 3 2 5 11 5 9 6 14 10 11 13 12 17 21 27 34 32 39 30 44 48 52 62 52 50 63 54 55 48 41 30 32 41 30 30 17 20 7 11 13 13 2 5 2 3 4 1 2 1 1 1 0 0 0 0 0 0 0 1 0 0 0 0 0 0 0 0 0 0 0 0 0 0 0 0 0 0 0 0 0 0 0 0 0 0 0 0 0 0 0 0 0 0 0 0 0 0 0 0 0 0 0 0 0 0 0 0 0 0 0 0 0 0 0 0 0 0 0 0 0 0 0 0 0 0 0 0 0 0 0 0 0 0 0 0 0 0 0 0 0 0 0 0 0 0 0 0 0 0 0 0 0 0 0 0 0 0 0 0 0 0 0 0 0 

0.545601	237602 7740 2107 1325 974 704 510 422 348 302 248 211 160 159 146 126 119 92 89 98 68 69 76 54 48 50 55 64 52 63 29 35 32 24 39 27 34 26 23 29 35 28 18 28 31 19 17 27 21 18 18 21 13 20 18 9 13 13 18 12 11 20 10 15 10 6 8 14 12 13 12 8 11 8 7 6 11 5 13 9 7 8 5 8 8 5 5 3 7 8 11 7 14 7 13 8 6 10 20 8 12 9 10 16 23 26 26 38 36 38 43 49 50 54 44 57 53 44 54 47 50 51 26 37 49 24 21 20 20 13 13 11 7 10 5 5 2 1 1 0 0 2 1 1 1 1 0 0 0 0 1 0 0 1 0 0 0 0 0 0 0 0 0 0 0 0 0 0 0 0 0 0 0 0 0 0 0 0 0 0 0 0 0 0 0 0 0 0 0 0 0 0 0 0 0 0 0 0 0 0 0 0 0 0 0 0 0 0 0 0 0 0 0 0 0 0 0 0 0 0 0 0 0 0 0 0 0 0 0 0 0 0 0 0 0 0 0 0 0 0 0 0 0 0 0 0 0 0 0 0 0 0 0 0 0 0 

0.545701	237250 7832 2122 1405 975 738 528 394 347 306 264 246 197 166 140 130 108 95 93 88 96 78 82 73 55 63 42 53 51 37 43 43 36 34 47 32 46 34 28 24 26 24 21 27 18 24 23 23 20 16 18 21 17 19 14 18 15 11 22 20 15 11 11 11 10 11 21 14 14 15 5 8 8 4 16 6 10 14 7 11 4 5 8 10 9 13 4 6 7 6 5 4 6 4 6 4 8 5 9 8 14 16 12 15 20 22 15 17 31 41 46 36 55 66 50 46 31 62 60 49 33 48 39 44 31 29 27 31 23 11 18 7 7 7 5 3 7 1 2 1 2 0 0 2 0 2 1 0 0 0 0 0 0 0 0 0 0 0 0 0 0 0 0 0 0 0 0 0 0 0 0 0 0 0 0 0 0 0 0 0 0 0 0 0 0 0 0 0 0 0 0 0 0 0 0 0 0 0 0 0 0 0 0 0 0 0 0 0 0 0 0 0 0 0 0 0 0 0 0 0 0 0 0 0 0 0 0 0 0 0 0 0 0 0 0 0 0 0 0 0 0 0 0 0 0 0 0 0 0 0 0 0 0 0 0 0 

0.545801	237446 7722 2201 1353 928 658 516 422 334 290 259 212 188 213 137 126 137 116 98 90 86 76 71 59 63 51 62 41 55 40 47 41 36 45 37 38 36 20 21 26 32 26 31 22 28 24 20 18 17 18 24 13 16 16 20 11 20 24 12 15 14 13 7 13 8 9 16 12 10 15 11 15 13 5 5 13 7 11 9 11 11 9 8 6 8 5 3 4 7 5 6 7 9 8 5 12 5 10 8 10 8 17 13 20 23 19 21 40 36 36 40 40 68 51 36 58 49 57 49 55 44 53 41 41 23 32 22 12 16 10 18 9 6 2 3 6 4 3 3 0 1 1 1 0 0 1 0 0 0 0 0 0 0 0 1 0 0 0 0 0 0 0 0 0 0 0 0 0 0 0 0 0 0 0 0 0 0 0 0 0 0 0 0 0 0 0 0 0 0 0 0 0 0 0 0 0 0 0 0 0 0 0 0 0 0 0 0 0 0 0 0 0 0 0 0 0 0 0 0 0 0 0 0 0 0 0 0 0 0 0 0 0 0 0 0 0 0 0 0 0 0 0 0 0 0 0 0 0 0 0 0 0 0 0 0 0 

0.545901	237356 7855 2143 1402 955 703 526 404 340 317 257 197 179 171 143 122 118 87 101 90 86 66 61 63 58 47 46 48 57 54 45 39 47 45 34 27 28 38 22 23 16 26 20 20 27 17 25 25 18 9 23 20 15 15 24 12 18 18 14 11 20 20 16 8 19 5 13 15 10 15 12 12 14 13 11 8 8 5 7 8 7 9 7 5 4 7 4 10 4 7 9 7 5 9 2 8 5 15 5 14 17 17 14 14 12 30 30 21 39 50 40 44 39 49 53 62 57 49 61 54 41 40 32 39 37 22 13 32 19 11 10 10 13 3 7 4 5 1 1 2 2 1 0 1 0 0 0 0 0 0 1 1 0 0 0 0 1 0 0 0 0 0 0 0 0 0 0 0 0 0 0 0 0 0 0 0 0 0 0 0 0 0 0 0 0 0 0 0 0 0 0 0 0 0 0 0 0 0 0 0 0 0 0 0 0 0 0 0 0 0 0 0 0 0 0 0 0 0 0 0 0 0 0 0 0 0 0 0 0 0 0 0 0 0 0 0 0 0 0 0 0 0 0 0 0 0 0 0 0 0 0 0 0 0 0 0 

0.546001	237364 7919 2117 1423 908 673 506 434 357 297 243 215 179 172 156 127 99 120 79 77 80 69 79 73 55 56 60 43 52 41 47 36 35 29 35 34 22 25 20 29 19 29 23 28 19 26 17 29 23 23 19 11 20 13 15 15 24 13 10 15 11 16 14 23 14 12 8 5 12 12 12 11 9 7 8 6 12 15 9 7 11 13 6 6 8 8 9 3 7 6 4 9 8 9 4 6 12 7 10 8 8 15 14 20 25 27 31 38 25 33 53 48 54 42 44 41 56 41 41 51 55 45 52 32 33 31 24 19 24 13 11 15 4 12 7 3 4 3 1 1 2 1 1 0 2 0 0 0 0 0 0 0 0 0 1 0 0 0 0 0 0 0 0 0 0 0 0 0 0 0 0 0 0 0 0 0 0 0 0 0 0 0 0 0 0 0 0 0 0 0 0 0 0 0 0 0 0 0 0 0 0 0 0 0 0 0 0 0 0 0 0 0 0 0 0 0 0 0 0 0 0 0 0 0 0 0 0 0 0 0 0 0 0 0 0 0 0 0 0 0 0 0 0 0 0 0 0 0 0 0 0 0 0 0 0 0 

0.546101	237442 7874 2108 1351 926 664 545 468 314 293 252 235 184 142 159 122 104 116 95 92 68 80 56 58 65 74 47 43 43 43 44 44 29 38 31 29 26 28 38 23 28 25 25 24 27 24 25 13 18 12 17 10 26 20 20 18 12 6 10 17 10 15 13 15 15 12 17 13 11 11 6 6 9 12 17 6 7 8 4 12 11 6 8 6 7 10 6 11 7 7 11 11 6 5 8 6 7 10 17 11 8 14 18 14 15 28 31 25 28 48 45 40 58 52 53 53 57 44 39 56 62 35 38 31 36 31 22 23 12 19 13 12 6 6 6 5 2 1 3 1 0 0 2 0 1 0 1 0 1 0 0 0 0 0 0 0 0 0 0 1 0 0 0 0 0 0 0 0 0 0 0 0 0 0 0 0 0 0 0 0 0 0 0 0 0 0 0 0 0 0 0 0 0 0 0 0 0 0 0 0 0 0 0 0 0 0 0 0 0 0 0 0 0 0 0 0 0 0 0 0 0 0 0 0 0 0 0 0 0 0 0 0 0 0 0 0 0 0 0 0 0 0 0 0 0 0 0 0 0 0 0 0 0 0 0 0 

0.546201	237344 7799 2151 1375 1012 632 549 406 385 273 283 208 184 162 153 133 118 113 114 82 72 71 73 72 60 54 58 56 50 33 39 33 39 36 43 31 38 25 26 25 30 19 20 30 20 24 17 24 17 24 22 19 21 19 14 12 18 19 9 11 18 14 10 16 17 9 7 8 10 12 7 13 14 8 3 3 16 10 3 11 10 8 15 7 6 6 5 6 3 4 6 8 6 10 7 9 7 6 8 6 8 14 15 18 24 17 34 33 43 37 44 38 47 56 54 46 56 45 49 47 47 45 42 38 37 30 28 20 19 12 12 10 8 6 3 5 7 1 1 1 0 0 1 1 1 0 1 2 0 0 0 2 0 0 0 0 0 0 0 0 0 0 0 0 0 0 0 0 0 0 0 0 0 0 0 0 0 0 0 0 0 0 0 0 0 0 0 0 0 0 0 0 0 0 0 0 0 0 0 0 0 0 0 0 0 0 0 0 0 0 0 0 0 0 0 0 0 0 0 0 0 0 0 0 0 0 0 0 0 0 0 0 0 0 0 0 0 0 0 0 0 0 0 0 0 0 0 0 0 0 0 0 0 0 0 0 

0.546301	237459 7823 2119 1402 922 695 463 419 340 296 259 176 208 163 146 125 135 101 103 97 95 67 72 62 64 52 56 51 40 42 50 45 42 37 26 35 27 33 41 29 29 29 22 18 11 23 21 20 22 22 22 16 22 13 16 16 20 8 12 19 15 9 10 11 13 11 11 13 14 10 7 11 11 8 8 6 5 7 10 9 3 10 11 4 10 9 7 7 7 7 7 9 7 9 11 9 9 11 12 6 12 12 20 19 26 22 21 33 33 35 30 49 49 53 48 52 62 53 50 45 53 37 36 37 32 21 29 21 20 11 14 11 9 10 10 3 4 1 1 3 2 1 0 0 1 0 0 1 0 0 1 0 0 0 1 0 0 0 0 0 0 0 0 0 0 0 0 0 0 0 0 0 0 0 0 0 0 0 0 0 0 0 0 0 0 0 0 0 0 0 0 0 0 0 0 0 0 0 0 0 0 0 0 0 0 0 0 0 0 0 0 0 0 0 0 0 0 0 0 0 0 0 0 0 0 0 0 0 0 0 0 0 0 0 0 0 0 0 0 0 0 0 0 0 0 0 0 0 0 0 0 0 0 0 0 0 

0.546401	237428 7893 2169 1354 960 662 518 389 327 277 261 208 184 188 133 124 104 99 96 91 91 82 62 60 55 48 37 48 38 54 31 43 29 35 34 42 27 16 29 34 30 22 23 25 27 26 24 19 23 21 23 19 18 14 20 14 20 19 15 13 14 14 15 18 13 11 14 10 8 11 8 14 9 11 12 8 9 14 14 5 14 5 12 8 9 9 5 8 5 6 3 7 9 7 2 4 6 11 3 8 10 15 16 20 24 21 28 26 47 42 43 48 46 49 58 50 54 58 50 41 49 35 47 37 26 31 22 25 19 15 12 9 6 2 5 3 6 1 2 5 0 0 0 1 1 1 0 0 0 1 0 0 0 0 0 0 0 0 0 0 1 0 0 0 0 0 0 0 0 0 0 0 0 0 0 0 0 0 0 0 0 0 0 0 0 0 0 0 0 0 0 0 0 0 0 0 0 0 0 0 0 0 0 0 0 0 0 0 0 0 0 0 0 0 0 0 0 0 0 0 0 0 0 0 0 0 0 0 0 0 0 0 0 0 0 0 0 0 0 0 0 0 0 0 0 0 0 0 0 0 0 0 0 0 0 0 

0.546501	237427 7795 2169 1343 963 711 546 404 348 282 218 204 188 141 124 138 127 114 83 103 85 91 74 68 62 74 49 62 41 32 41 32 40 41 32 28 27 31 30 28 34 25 21 26 26 18 20 23 16 14 16 24 19 12 18 12 14 12 12 14 11 16 14 10 10 13 17 12 13 14 12 11 17 16 14 14 10 7 10 11 8 7 10 4 9 1 4 7 4 12 7 8 7 4 7 4 11 7 10 10 6 10 18 21 27 33 23 26 33 32 58 26 38 59 52 66 58 60 42 49 48 37 33 32 27 30 31 10 30 13 8 14 5 4 7 8 2 1 2 3 2 0 3 0 0 0 1 1 0 0 1 0 0 0 0 0 0 0 0 0 0 0 0 0 0 1 0 0 0 0 0 0 0 0 0 0 0 0 0 0 0 0 0 0 0 0 0 0 0 0 0 0 0 0 0 0 0 0 0 0 0 0 0 0 0 0 0 0 0 0 0 0 0 0 0 0 0 0 0 0 0 0 0 0 0 0 0 0 0 0 0 0 0 0 0 0 0 0 0 0 0 0 0 0 0 0 0 0 0 0 0 0 0 0 0 0 

0.546601	237294 7864 2131 1431 948 683 547 433 335 290 249 176 195 158 141 150 129 103 98 76 69 86 60 53 54 69 60 48 64 50 54 32 39 34 38 44 36 34 29 27 24 27 19 21 21 31 23 25 21 17 26 15 13 13 9 18 12 15 15 17 12 12 10 18 10 15 19 10 8 6 8 15 10 6 12 14 7 6 11 7 12 12 8 12 6 6 8 9 6 9 11 7 5 4 10 9 9 8 5 15 15 19 14 24 20 21 22 32 37 35 46 49 38 30 51 51 62 47 53 36 40 65 33 28 35 23 25 23 17 22 13 14 14 5 4 4 2 2 2 1 0 0 0 0 0 0 0 0 1 1 0 0 0 0 0 0 0 0 0 0 0 0 0 0 0 0 0 0 0 0 0 0 0 0 0 0 0 0 0 0 0 0 0 0 0 0 0 0 0 0 0 0 0 0 0 0 0 0 0 0 0 0 0 0 0 0 0 0 0 0 0 0 0 0 0 0 0 0 0 0 0 0 0 0 0 0 0 0 0 0 0 0 0 0 0 0 0 0 0 0 0 0 0 0 0 0 0 0 0 0 0 0 0 0 0 0 

0.546701	237203 8109 2135 1382 913 642 491 446 353 292 235 224 180 166 145 133 117 89 101 97 102 77 65 61 62 53 59 57 42 40 45 39 25 42 38 35 30 32 28 30 24 22 35 20 23 21 25 15 11 16 29 20 19 15 17 9 19 17 17 15 12 14 8 10 10 7 18 7 8 5 11 13 10 11 10 9 6 11 6 8 5 12 16 8 11 3 9 9 5 8 4 5 13 5 8 11 3 6 10 14 11 17 11 18 26 17 32 23 29 34 38 33 37 46 64 52 49 50 64 50 44 34 41 48 35 31 25 27 18 19 15 11 12 6 6 6 3 0 3 2 1 1 0 1 1 0 0 2 0 0 0 0 0 0 0 0 0 0 0 0 0 0 0 0 0 0 0 0 0 0 0 0 0 0 0 0 0 0 0 0 0 0 0 0 0 0 0 0 0 0 0 0 0 0 0 0 0 0 0 0 0 0 0 0 0 0 0 0 0 0 0 0 0 0 0 0 0 0 0 0 0 0 0 0 0 0 0 0 0 0 0 0 0 0 0 0 0 0 0 0 0 0 0 0 0 0 0 0 0 0 0 0 0 0 0 0 

0.546801	237524 7744 2083 1323 970 705 504 404 348 291 261 219 198 174 142 115 121 116 103 90 74 83 61 84 69 54 55 58 60 48 38 32 37 43 41 35 31 34 29 21 24 17 24 28 20 24 18 17 14 16 18 22 28 17 15 17 15 16 10 6 11 21 11 17 14 15 12 10 7 17 16 11 13 8 4 8 7 8 8 5 7 8 5 13 8 2 8 5 5 7 9 8 5 4 7 10 3 8 6 7 10 7 20 15 19 29 24 40 42 39 48 53 60 53 49 46 60 39 47 46 45 36 39 45 34 35 25 25 20 8 10 5 8 8 3 7 4 1 2 0 1 0 0 2 0 0 0 0 1 0 0 0 0 0 0 0 0 0 0 0 0 0 0 0 0 0 0 0 0 0 0 0 0 0 0 0 0 0 0 0 0 0 0 0 0 0 0 0 0 0 0 0 0 0 0 0 0 0 0 0 0 0 0 0 0 0 0 0 0 0 0 0 0 0 0 0 0 0 0 0 0 0 0 0 0 0 0 0 0 0 0 0 0 0 0 0 0 0 0 0 0 0 0 0 0 0 0 0 0 0 0 0 0 0 0 0 

0.546901	237432 7738 2222 1357 936 674 540 436 342 291 264 227 187 147 141 127 116 85 107 85 76 67 72 51 65 63 53 61 50 46 52 37 36 28 38 28 27 34 34 30 29 22 28 21 26 12 17 27 20 22 14 16 20 18 15 19 18 13 11 10 9 16 18 14 11 11 7 18 10 6 10 15 11 11 12 6 11 9 8 16 12 6 10 7 10 6 2 8 7 7 10 8 3 9 6 2 4 5 14 7 10 15 16 18 20 28 27 30 45 36 39 42 50 46 52 59 62 54 45 63 34 43 41 33 31 26 29 21 12 16 15 11 10 10 5 3 3 0 2 0 1 0 0 0 0 0 0 0 0 1 0 0 0 0 0 0 0 0 0 0 0 0 0 0 0 0 0 0 0 0 0 0 0 0 0 0 0 0 0 0 0 0 0 0 0 0 0 0 0 0 0 0 0 0 0 0 0 0 0 0 0 0 0 0 0 0 0 0 0 0 0 0 0 0 0 0 0 0 0 0 0 0 0 0 0 0 0 0 0 0 0 0 0 0 0 0 0 0 0 0 0 0 0 0 0 0 0 0 0 0 0 0 0 0 0 0 

0.547001	237657 7751 2088 1384 959 655 504 404 324 250 243 219 150 176 148 109 131 108 98 99 89 68 78 58 69 43 43 48 59 47 60 44 39 37 30 25 29 31 17 24 23 21 21 20 24 23 17 19 13 15 26 19 14 14 17 14 8 15 16 12 21 14 14 14 11 7 13 13 15 12 11 14 14 10 13 10 14 6 5 11 11 10 8 8 10 5 8 7 9 7 9 11 5 7 5 6 7 10 13 13 10 8 18 23 18 13 25 25 51 44 48 40 41 59 52 71 49 46 47 51 49 39 43 45 33 16 20 18 24 15 14 7 8 5 3 3 3 6 3 0 1 3 0 1 0 1 0 0 0 0 0 0 0 0 0 0 0 0 0 0 0 0 0 0 0 0 0 0 0 0 0 0 0 0 0 0 0 0 0 0 0 0 0 0 0 0 0 0 0 0 0 0 0 0 0 0 0 0 0 0 0 0 0 0 0 0 0 0 0 0 0 0 0 0 0 0 0 0 0 0 0 0 0 0 0 0 0 0 0 0 0 0 0 0 0 0 0 0 0 0 0 0 0 0 0 0 0 0 0 0 0 0 0 0 0 0 

0.547101	237644 7744 2144 1367 929 658 496 419 346 256 227 206 168 156 136 136 121 91 102 94 72 74 76 65 70 48 67 49 44 43 44 35 37 36 32 34 28 35 25 25 25 29 17 29 26 17 21 27 17 9 19 27 18 8 24 11 16 14 14 12 17 18 9 16 12 13 13 5 12 8 15 13 15 11 13 8 10 14 5 12 8 7 8 10 8 9 8 13 2 7 8 5 5 10 7 7 11 7 15 10 17 12 23 10 20 27 19 39 39 36 45 22 50 61 47 56 54 55 54 51 39 39 39 29 36 31 31 23 27 4 8 7 10 9 8 1 2 1 3 2 2 0 1 0 1 1 0 1 0 0 0 0 1 0 0 0 0 0 0 0 0 0 0 0 0 0 0 0 0 0 0 0 0 0 0 0 0 0 0 0 0 0 0 0 0 0 0 0 0 0 0 0 0 0 0 0 0 0 0 0 0 0 0 0 0 0 0 0 0 0 0 0 0 0 0 0 0 0 0 0 0 0 0 0 0 0 0 0 0 0 0 0 0 0 0 0 0 0 0 0 0 0 0 0 0 0 0 0 0 0 0 0 0 0 0 0 

0.547201	237450 7999 2108 1345 868 643 524 423 336 301 234 203 184 161 155 129 108 113 90 75 88 82 69 93 56 51 56 46 38 39 39 46 40 32 25 39 33 28 31 21 29 25 24 27 13 19 28 16 19 24 21 20 17 6 17 9 20 22 11 9 16 4 12 9 16 6 13 7 11 8 13 9 11 17 5 12 4 11 6 8 13 5 15 10 10 8 5 5 8 4 6 5 4 10 9 8 13 13 18 16 11 11 18 15 25 25 27 35 29 49 39 41 56 48 49 55 47 49 63 41 37 47 30 32 25 34 28 22 15 15 10 12 14 6 5 5 3 4 4 0 3 3 3 2 0 0 0 0 0 1 1 0 1 1 0 0 0 0 0 0 0 0 0 0 0 0 0 0 0 0 0 0 0 0 0 0 0 0 0 0 0 0 0 0 0 0 0 0 0 0 0 0 0 0 0 0 0 0 0 0 0 0 0 0 0 0 0 0 0 0 0 0 0 0 0 0 0 0 0 0 0 0 0 0 0 0 0 0 0 0 0 0 0 0 0 0 0 0 0 0 0 0 0 0 0 0 0 0 0 0 0 0 0 0 0 0 

0.547301	237234 7998 2100 1377 965 682 538 445 355 264 222 214 203 170 154 125 120 99 101 89 69 72 67 76 63 64 59 52 41 52 31 44 35 38 32 35 35 32 23 25 33 34 20 26 23 20 19 17 22 15 23 19 20 22 13 11 13 12 9 15 22 13 16 9 8 16 11 8 8 14 9 9 12 7 16 13 6 11 10 8 14 5 7 5 12 4 8 3 6 9 7 6 5 7 9 8 12 7 11 11 12 17 12 17 20 19 30 25 25 39 53 37 58 42 45 44 57 58 58 51 55 34 45 36 25 35 18 24 24 15 14 14 9 4 5 3 1 1 1 0 4 0 0 0 1 0 0 0 0 0 1 0 0 0 0 0 0 0 0 0 0 0 0 0 0 0 0 0 0 0 0 0 0 0 0 0 0 0 0 0 0 0 0 0 0 0 0 0 0 0 0 0 0 0 0 0 0 0 0 0 0 0 0 0 0 0 0 0 0 0 0 0 0 0 0 0 0 0 0 0 0 0 0 0 0 0 0 0 0 0 0 0 0 0 0 0 0 0 0 0 0 0 0 0 0 0 0 0 0 0 0 0 0 0 0 0 

0.547401	237436 7841 2129 1381 978 655 508 399 334 288 234 205 162 162 121 144 111 108 104 99 91 85 86 71 61 70 47 67 54 44 38 36 48 27 28 29 44 25 29 30 35 21 23 20 18 23 16 23 16 19 20 26 17 13 21 14 14 17 16 11 8 12 10 16 11 16 17 8 14 13 9 19 11 13 10 9 9 9 12 5 9 6 4 9 9 9 7 6 3 4 6 2 10 7 5 14 9 8 7 10 7 15 16 10 18 19 26 35 36 35 53 45 44 61 53 51 59 44 47 39 50 42 36 30 41 33 24 22 20 21 10 7 11 5 3 5 2 3 0 3 1 0 1 1 1 2 0 0 0 0 1 0 1 0 0 0 0 0 0 0 0 0 0 0 0 0 0 0 0 0 0 0 0 0 0 0 0 0 0 0 0 0 0 0 0 0 0 0 0 0 0 0 0 0 0 0 0 0 0 0 0 0 0 0 0 0 0 0 0 0 0 0 0 0 0 0 0 0 0 0 0 0 0 0 0 0 0 0 0 0 0 0 0 0 0 0 0 0 0 0 0 0 0 0 0 0 0 0 0 0 0 0 0 0 0 0 

0.547501	237292 7992 2145 1401 893 654 525 454 340 294 270 194 199 165 129 107 136 117 99 73 82 64 70 67 55 49 51 55 40 41 34 48 42 40 35 29 34 35 24 20 24 21 22 20 29 21 18 24 21 23 14 22 15 21 13 11 14 21 10 17 21 14 15 13 5 18 11 9 14 11 12 15 11 13 16 7 7 9 10 5 5 8 8 7 7 7 5 5 7 4 10 7 5 5 5 4 5 12 9 11 10 21 16 19 19 17 30 30 37 41 43 41 57 49 48 54 50 64 43 44 49 44 46 33 34 22 24 21 18 15 15 12 12 5 8 2 4 1 5 1 1 1 0 1 0 1 0 0 0 0 0 1 0 0 0 0 0 0 0 0 0 0 0 0 0 0 0 0 0 0 0 0 0 0 0 0 0 0 0 0 0 0 0 0 0 0 0 0 0 0 0 0 0 0 0 0 0 0 0 0 0 0 0 0 0 0 0 0 0 0 0 0 0 0 0 0 0 0 0 0 0 0 0 0 0 0 0 0 0 0 0 0 0 0 0 0 0 0 0 0 0 0 0 0 0 0 0 0 0 0 0 0 0 0 0 0 

0.547601	237659 7860 2096 1322 918 633 499 420 329 328 216 184 165 152 155 159 118 98 86 93 88 68 82 58 50 43 53 45 34 47 35 48 39 18 29 25 23 33 35 41 23 24 23 23 23 19 17 22 18 23 10 16 19 20 16 16 17 12 9 16 15 12 13 11 14 5 5 11 7 7 7 18 14 10 18 11 11 14 11 11 10 13 6 9 4 8 12 7 12 7 6 5 10 7 9 8 12 9 12 12 2 16 12 13 32 26 26 35 28 46 35 67 41 53 61 46 48 43 59 51 41 45 48 32 39 22 26 20 16 14 12 9 11 8 4 2 0 1 3 5 1 1 0 0 1 0 0 0 0 0 0 0 0 0 0 0 1 0 1 0 0 0 0 0 0 0 0 0 0 0 0 0 0 0 0 0 0 0 0 0 0 0 0 0 0 0 0 0 0 0 0 0 0 0 0 0 0 0 0 0 0 0 0 0 0 0 0 0 0 0 0 0 0 0 0 0 0 0 0 0 0 0 0 0 0 0 0 0 0 0 0 0 0 0 0 0 0 0 0 0 0 0 0 0 0 0 0 0 0 0 0 0 0 0 0 0 

0.547701	237344 7923 2167 1378 936 669 521 440 336 293 209 222 175 146 150 124 118 105 123 94 85 83 59 63 47 59 59 67 59 37 41 48 41 37 25 28 28 33 32 27 23 18 17 27 20 26 18 24 20 10 19 10 20 14 14 9 21 16 12 13 13 12 4 16 12 8 11 7 12 9 10 10 10 10 6 10 12 12 12 10 9 6 8 9 8 10 12 8 11 5 8 9 1 7 5 11 7 11 12 17 11 12 8 22 21 19 24 38 34 34 42 47 45 59 48 49 54 53 43 47 42 43 41 32 32 35 27 29 26 11 13 7 4 5 4 12 3 2 5 3 1 0 2 1 0 0 0 0 1 0 1 0 0 0 0 0 0 1 0 0 0 0 0 0 0 0 0 0 0 0 0 1 0 0 0 0 0 0 0 0 0 0 0 0 0 0 0 0 0 0 0 0 0 0 0 0 0 0 0 0 0 0 0 0 0 0 0 0 0 0 0 0 0 0 0 0 0 0 0 0 0 0 0 0 0 0 0 0 0 0 0 0 0 0 0 0 0 0 0 0 0 0 0 0 0 0 0 0 0 0 0 0 0 0 0 0 

0.547801	237637 7825 2117 1332 906 653 496 410 312 267 256 180 209 152 152 107 113 108 89 88 99 65 70 90 50 41 52 46 49 60 54 30 44 34 33 34 33 33 22 17 24 31 33 25 31 22 20 25 27 18 12 22 20 11 12 17 15 11 17 10 15 9 14 19 14 14 8 7 12 11 16 8 12 12 8 17 13 8 9 8 10 5 9 8 6 11 8 6 3 8 5 5 12 8 8 7 6 2 14 16 17 12 21 15 25 27 26 38 24 40 48 54 49 40 62 51 53 43 58 45 41 39 46 31 39 27 19 16 13 15 9 10 6 6 11 4 5 2 2 1 0 1 2 0 1 0 2 0 1 0 0 0 0 0 0 0 0 0 0 0 0 0 0 0 0 0 0 0 0 0 0 0 0 0 0 0 0 0 0 0 0 0 0 0 0 0 0 0 0 0 0 0 0 0 0 0 0 0 0 0 0 0 0 0 0 0 0 0 0 0 0 0 0 0 0 0 0 0 0 0 0 0 0 0 0 0 0 0 0 0 0 0 0 0 0 0 0 0 0 0 0 0 0 0 0 0 0 0 0 0 0 0 0 0 0 0 

0.547901	237574 7703 2212 1369 914 670 533 424 312 300 241 211 192 146 133 127 128 104 93 78 62 77 63 75 47 56 61 49 47 42 48 35 37 46 39 32 37 28 35 27 27 21 20 20 23 20 28 32 23 18 16 17 17 21 9 13 12 10 12 17 15 15 11 11 10 11 12 13 11 9 12 10 9 9 8 8 11 7 3 9 8 6 9 4 4 8 2 8 6 5 10 6 12 7 10 9 3 11 7 7 17 10 15 28 23 29 26 34 49 38 38 41 47 59 44 60 45 48 49 48 39 49 36 45 40 26 26 24 15 14 16 14 8 5 4 3 3 2 2 2 3 1 1 0 0 0 0 1 0 0 0 0 0 0 0 0 0 0 0 0 0 0 0 0 0 0 0 0 0 0 0 0 0 0 0 0 0 0 0 0 0 0 0 0 0 0 0 0 0 0 0 0 0 0 0 0 0 0 0 0 0 0 0 0 0 0 0 0 0 0 0 0 0 0 0 0 0 0 0 0 0 0 0 0 0 0 0 0 0 0 0 0 0 0 0 0 0 0 0 0 0 0 0 0 0 0 0 0 0 0 0 0 0 0 0 0 

0.548001	237378 7864 2152 1428 961 691 525 373 329 296 235 197 187 158 138 123 122 112 107 95 64 65 69 75 49 59 51 38 50 48 45 39 49 43 31 29 25 26 28 31 30 19 32 19 19 24 21 25 24 18 26 16 14 19 17 14 17 19 18 17 13 16 15 12 10 9 14 14 6 9 14 6 9 13 8 6 5 7 11 13 11 6 9 3 7 11 6 6 11 9 6 8 9 7 5 14 16 10 6 11 10 13 13 20 15 20 26 24 31 43 35 34 51 56 35 52 61 50 52 52 61 55 48 35 36 28 19 18 19 18 7 8 7 5 4 4 4 2 4 0 1 1 0 0 0 1 0 0 0 1 0 0 1 0 2 0 0 0 0 0 0 0 0 0 0 0 0 0 0 0 0 0 0 0 0 0 0 0 0 0 0 0 0 0 0 0 0 0 0 0 0 0 0 0 0 0 0 0 0 0 0 0 0 0 0 0 0 0 0 0 0 0 0 0 0 0 0 0 0 0 0 0 0 0 0 0 0 0 0 0 0 0 0 0 0 0 0 0 0 0 0 0 0 0 0 0 0 0 0 0 0 0 0 0 0 0 

0.548101	237830 7614 2099 1355 967 653 521 387 322 278 231 190 193 169 138 161 108 108 85 70 73 54 65 69 62 49 47 61 46 41 40 41 34 41 25 32 17 27 28 23 28 31 35 34 23 31 23 21 24 16 17 15 10 13 19 7 16 12 21 15 13 10 7 8 8 13 12 12 6 11 10 16 10 9 8 9 13 8 10 10 13 9 5 14 4 8 7 13 10 3 12 8 4 7 8 12 6 8 11 16 11 16 14 23 20 23 28 35 43 45 34 43 51 49 59 53 47 45 53 58 40 39 45 42 32 31 28 18 17 11 15 7 6 4 4 4 1 2 1 4 1 2 1 1 1 1 0 1 0 0 0 0 0 0 0 0 0 1 0 0 0 0 0 0 0 0 0 0 0 0 0 0 0 0 0 0 0 0 0 0 0 0 0 0 0 0 0 0 0 0 0 0 0 0 0 0 0 0 0 0 0 0 0 0 0 0 0 0 0 0 0 0 0 0 0 0 0 0 0 0 0 0 0 0 0 0 0 0 0 0 0 0 0 0 0 0 0 0 0 0 0 0 0 0 0 0 0 0 0 0 0 0 0 0 0 0 

0.548201	237663 7801 2100 1325 914 629 498 443 330 332 195 214 194 148 133 128 132 122 77 82 93 68 64 65 70 47 55 43 47 42 45 31 39 39 29 37 27 27 35 30 27 35 13 25 24 16 24 12 21 18 19 17 17 13 23 11 7 12 10 9 8 9 18 12 10 15 14 10 15 13 8 10 17 13 7 11 15 5 7 8 14 6 9 14 8 5 7 11 11 10 7 10 9 6 9 10 4 8 12 11 15 11 24 19 10 33 24 29 44 38 48 43 51 58 47 54 44 61 57 48 49 33 44 22 39 34 26 15 14 18 6 8 12 8 5 5 1 0 1 0 0 0 0 0 0 0 2 0 1 0 1 1 0 0 0 0 1 0 0 0 0 0 0 0 0 0 0 0 0 0 0 0 0 0 0 0 0 0 0 0 0 0 0 0 0 0 0 0 0 0 0 0 0 0 0 0 0 0 0 0 0 0 0 0 0 0 0 0 0 0 0 0 0 0 0 0 0 0 0 0 0 0 0 0 0 0 0 0 0 0 0 0 0 0 0 0 0 0 0 0 0 0 0 0 0 0 0 0 0 0 0 0 0 0 0 0 

0.548301	237758 7637 2109 1345 907 663 497 427 355 303 211 206 188 154 137 119 111 119 115 85 68 67 72 70 64 62 53 52 46 48 24 48 44 36 32 31 39 30 33 25 27 18 33 17 23 24 22 18 19 9 15 21 14 18 12 19 20 18 21 11 15 14 17 8 7 14 14 9 15 8 12 7 16 10 16 11 15 9 7 7 9 4 11 9 12 7 4 3 8 7 7 7 9 5 6 13 6 9 14 11 12 13 16 16 20 28 26 33 37 35 57 48 45 55 64 39 55 50 67 44 36 41 33 42 31 27 18 23 18 9 6 10 13 4 2 3 6 2 0 3 1 0 0 0 1 1 0 1 0 1 0 1 1 1 0 0 0 0 0 0 0 0 0 0 0 0 0 0 0 0 0 0 0 0 0 0 0 0 0 0 0 0 0 0 0 0 0 0 0 0 0 0 0 0 0 0 0 0 0 0 0 0 0 0 0 0 0 0 0 0 0 0 0 0 0 0 0 0 0 0 0 0 0 0 0 0 0 0 0 0 0 0 0 0 0 0 0 0 0 0 0 0 0 0 0 0 0 0 0 0 0 0 0 0 0 0 

0.548401	237714 7650 2115 1366 948 660 492 426 339 268 251 221 184 153 138 123 125 97 104 90 77 69 71 63 54 60 61 46 39 31 40 42 44 35 30 31 31 37 25 40 16 22 31 21 25 20 25 19 22 20 19 16 21 20 13 14 8 9 14 13 10 10 20 22 15 17 11 13 14 9 11 17 13 5 11 9 6 9 3 14 10 4 6 11 7 7 8 10 3 2 8 9 10 9 10 6 9 7 12 14 13 12 11 13 22 23 35 34 29 32 44 46 50 48 53 63 55 55 49 55 43 43 41 42 25 29 24 17 15 14 13 10 7 7 10 5 3 0 0 2 1 1 1 0 0 0 0 0 0 0 0 0 0 1 0 0 1 0 0 0 0 0 0 0 0 0 0 0 0 0 0 0 0 0 0 0 0 0 0 0 0 0 0 0 0 0 0 0 0 0 0 0 0 0 0 0 0 0 0 0 0 0 0 0 0 0 0 0 0 0 0 0 0 0 0 0 0 0 0 0 0 0 0 0 0 0 0 0 0 0 0 0 0 0 0 0 0 0 0 0 0 0 0 0 0 0 0 0 0 0 0 0 0 0 0 0 

0.548501	237473 7868 2102 1491 912 654 489 378 348 289 235 191 198 162 146 124 122 99 95 72 63 80 72 60 72 69 67 50 43 46 43 35 41 30 41 27 35 30 23 18 30 13 27 19 21 20 21 29 13 17 25 22 23 19 10 11 10 20 18 14 19 11 11 9 13 4 6 14 11 8 10 10 10 10 8 9 14 9 9 10 10 12 10 10 7 11 7 6 7 6 13 12 6 3 5 7 14 6 12 8 11 15 17 20 21 20 23 35 36 36 43 41 47 60 54 56 63 50 53 66 40 33 36 41 26 21 19 26 17 12 12 10 8 7 7 4 3 2 1 2 2 2 1 2 0 0 0 0 1 1 1 0 0 0 0 0 0 0 0 0 0 0 0 0 0 0 0 0 0 0 0 0 0 0 0 0 0 0 0 0 0 0 0 0 0 0 0 0 0 0 0 0 0 0 0 0 0 0 0 0 0 0 0 0 0 0 0 0 0 0 0 0 0 0 0 0 0 0 0 0 0 0 0 0 0 0 0 0 0 0 0 0 0 0 0 0 0 0 0 0 0 0 0 0 0 0 0 0 0 0 0 0 0 0 0 0 

0.548601	237863 7676 2111 1300 973 636 457 374 326 267 237 204 160 156 153 124 131 109 91 106 80 68 75 67 50 60 52 46 44 48 40 35 43 36 25 41 30 34 29 27 26 22 23 30 22 21 19 22 19 19 12 19 21 18 19 9 13 13 12 8 10 11 17 16 19 7 12 15 11 8 10 6 8 18 6 8 5 8 10 5 10 8 4 6 9 5 8 7 10 7 10 3 6 14 8 12 10 11 15 11 14 20 21 26 30 22 26 37 23 45 44 42 49 65 75 54 49 57 51 47 50 31 43 26 30 21 23 22 13 15 13 7 7 2 4 3 3 1 2 1 1 0 3 1 2 0 0 0 0 0 0 0 0 0 0 0 0 0 0 0 0 0 0 0 0 0 0 0 0 0 0 0 0 0 0 0 0 0 0 0 0 0 0 0 0 0 0 0 0 0 0 0 0 0 0 0 0 0 0 0 0 0 0 0 0 0 0 0 0 0 0 0 0 0 0 0 0 0 0 0 0 0 0 0 0 0 0 0 0 0 0 0 0 0 0 0 0 0 0 0 0 0 0 0 0 0 0 0 0 0 0 0 0 0 0 0 

0.548701	237659 7820 2130 1328 933 670 529 421 344 284 213 195 178 159 136 107 99 91 88 81 84 84 64 59 49 46 41 45 39 46 32 33 46 33 27 35 33 24 27 32 25 28 23 28 24 18 26 19 16 28 26 15 10 22 20 15 17 14 13 17 10 15 13 4 10 13 15 15 13 11 18 10 11 7 14 4 10 5 5 10 8 8 10 18 12 13 9 6 13 7 6 8 11 10 5 5 6 12 6 11 13 22 20 22 24 22 30 31 35 44 36 44 57 55 62 51 45 48 51 53 54 38 29 32 32 28 21 24 12 18 14 6 9 7 2 2 1 3 4 1 0 4 2 0 1 0 1 0 0 0 1 0 0 0 0 0 0 0 0 0 0 0 0 0 0 0 0 0 0 0 0 0 0 0 0 0 0 0 0 0 0 0 0 0 0 0 0 0 0 0 0 0 0 0 0 0 0 0 0 0 0 0 0 0 0 0 0 0 0 0 0 0 0 0 0 0 0 0 0 0 0 0 0 0 0 0 0 0 0 0 0 0 0 0 0 0 0 0 0 0 0 0 0 0 0 0 0 0 0 0 0 0 0 0 0 0 

0.548801	237800 7737 2040 1307 918 667 491 382 344 292 222 199 195 179 147 135 131 98 93 101 63 67 59 60 61 42 60 48 44 39 32 36 39 31 34 27 41 32 35 32 33 35 24 23 16 19 27 25 16 24 23 13 14 19 19 16 16 20 11 10 14 14 15 12 19 10 12 18 11 15 12 14 10 7 10 9 12 11 5 11 6 13 10 6 6 6 5 9 4 5 6 3 5 11 10 9 10 12 9 18 14 13 22 24 16 17 34 33 32 31 34 40 45 50 53 58 67 53 50 42 51 53 32 34 39 26 14 15 14 12 13 11 9 3 6 6 4 3 3 2 2 1 2 3 0 2 1 0 0 0 0 0 0 0 0 0 0 0 0 0 0 0 0 0 0 0 0 0 0 0 0 0 0 0 0 0 0 0 0 0 0 0 0 0 0 0 0 0 0 0 0 0 0 0 0 0 0 0 0 0 0 0 0 0 0 0 0 0 0 0 0 0 0 0 0 0 0 0 0 0 0 0 0 0 0 0 0 0 0 0 0 0 0 0 0 0 0 0 0 0 0 0 0 0 0 0 0 0 0 0 0 0 0 0 0 0 

0.548901	237694 7768 2061 1326 930 666 531 430 335 278 228 197 203 143 143 127 134 84 107 85 71 70 56 62 57 60 55 39 51 35 35 37 52 38 42 35 39 22 31 30 19 26 9 16 19 20 17 27 25 27 26 23 12 15 20 14 15 15 17 11 11 13 14 18 13 17 14 12 5 4 15 15 12 10 9 14 8 10 12 9 9 9 7 7 8 7 5 4 8 8 5 4 7 12 7 14 11 10 8 7 11 17 17 20 24 28 36 28 42 43 45 41 46 42 47 52 58 63 64 47 41 29 40 30 30 23 19 25 19 14 11 9 6 8 8 4 3 1 2 4 3 0 0 0 1 1 0 1 0 0 0 0 0 0 0 0 0 0 1 0 0 0 0 0 0 0 0 0 0 0 0 0 0 0 0 0 0 0 0 0 0 0 0 0 0 0 0 0 0 0 0 0 0 0 0 0 0 0 0 0 0 0 0 0 0 0 0 0 0 0 0 0 0 0 0 0 0 0 0 0 0 0 0 0 0 0 0 0 0 0 0 0 0 0 0 0 0 0 0 0 0 0 0 0 0 0 0 0 0 0 0 0 0 0 0 0 

0.549002	237819 7714 2063 1364 878 633 538 416 353 262 237 199 191 154 119 126 103 100 105 83 80 74 79 61 61 56 46 56 45 33 38 40 43 27 41 28 33 23 30 28 25 30 23 19 24 21 17 27 15 18 14 16 13 15 16 19 12 13 15 7 17 7 14 14 14 9 7 13 8 14 18 6 14 9 13 11 15 6 9 12 8 4 11 13 8 5 5 4 11 11 14 9 6 9 11 5 9 6 13 11 15 19 25 18 26 34 37 26 37 44 44 44 42 44 60 45 56 49 48 50 42 44 42 34 31 23 20 30 19 10 10 11 4 4 4 5 5 1 2 1 0 3 0 1 1 0 2 0 0 0 1 0 1 0 0 0 0 0 0 0 0 0 1 0 0 0 0 0 0 0 0 0 0 0 0 0 0 0 0 0 0 0 0 0 0 0 0 0 0 0 0 0 0 0 0 0 0 0 0 0 0 0 0 0 0 0 0 0 0 0 0 0 0 0 0 0 0 0 0 0 0 0 0 0 0 0 0 0 0 0 0 0 0 0 0 0 0 0 0 0 0 0 0 0 0 0 0 0 0 0 0 0 0 0 0 0 

0.549102	237310 7998 2146 1385 942 678 525 385 348 297 236 217 174 163 152 118 113 108 101 95 76 75 80 40 69 60 41 45 51 44 35 47 41 36 26 32 30 37 29 24 26 24 21 22 28 16 12 20 17 20 13 11 18 15 16 16 15 21 11 18 20 11 13 24 11 15 8 10 10 9 10 13 12 8 8 5 7 13 12 6 5 7 10 7 11 10 8 5 8 9 8 5 5 8 9 9 8 5 4 11 13 14 18 15 15 28 30 36 31 31 41 36 47 53 51 58 44 59 54 44 60 43 29 37 33 34 24 27 15 16 13 16 16 7 4 6 2 1 1 2 1 1 0 0 0 0 0 2 0 0 0 0 1 0 0 0 0 0 0 0 0 1 0 0 0 0 0 0 0 0 0 0 0 0 0 0 0 0 0 0 0 0 0 0 0 0 0 0 0 0 0 0 0 0 0 0 0 0 0 0 0 0 0 0 0 0 0 0 0 0 0 0 0 0 0 0 0 0 0 0 0 0 0 0 0 0 0 0 0 0 0 0 0 0 0 0 0 0 0 0 0 0 0 0 0 0 0 0 0 0 0 0 0 0 0 0 

0.549202	237679 7664 2179 1362 922 618 540 422 344 279 249 185 165 164 144 125 121 98 104 75 64 99 72 51 80 54 60 43 45 39 35 30 35 39 34 40 17 30 32 37 29 30 30 23 28 30 16 19 18 21 18 16 11 20 12 17 16 14 15 18 14 14 9 12 13 6 10 11 11 11 8 10 10 14 15 11 10 9 8 8 10 6 8 10 10 6 7 10 9 1 7 7 12 6 4 14 12 9 7 13 12 19 9 17 24 31 29 38 39 43 40 34 52 44 50 45 62 56 42 46 44 59 36 39 31 23 27 20 14 10 10 5 8 7 10 3 5 0 4 0 2 1 1 0 0 2 0 2 1 0 1 0 0 0 1 0 0 0 0 0 0 0 0 0 0 0 0 0 0 0 0 0 0 0 0 0 0 0 0 0 0 0 0 0 0 0 0 0 0 0 0 0 0 0 0 0 0 0 0 0 0 0 0 0 0 0 0 0 0 0 0 0 0 0 0 0 0 0 0 0 0 0 0 0 0 0 0 0 0 0 0 0 0 0 0 0 0 0 0 0 0 0 0 0 0 0 0 0 0 0 0 0 0 0 0 0 

0.549302	237244 7992 2155 1396 913 722 531 419 332 308 220 190 204 171 141 114 108 83 86 91 90 76 68 69 69 65 62 56 59 52 48 30 40 25 38 34 28 30 28 24 24 23 24 27 18 22 18 11 19 16 17 16 26 14 16 17 17 9 10 13 14 14 19 11 19 11 16 6 10 10 10 4 17 7 12 11 12 9 10 11 8 9 8 9 9 9 10 10 6 8 5 7 4 6 5 3 7 7 8 13 12 19 13 21 19 22 32 42 38 34 39 51 46 51 53 56 65 50 34 49 38 47 35 35 31 29 20 24 18 15 18 11 12 8 6 1 3 1 1 1 1 1 0 0 1 0 0 0 0 0 0 0 0 0 0 0 0 0 0 0 0 0 0 0 1 0 0 0 0 0 0 0 0 0 0 0 0 0 0 0 0 0 0 0 0 0 0 0 0 0 0 0 0 0 0 0 0 0 0 0 0 0 0 0 0 0 0 0 0 0 0 0 0 0 0 0 0 0 0 0 0 0 0 0 0 0 0 0 0 0 0 0 0 0 0 0 0 0 0 0 0 0 0 0 0 0 0 0 0 0 0 0 0 0 0 0 

0.549402	237656 7817 2112 1339 951 641 501 404 321 290 258 216 141 159 138 111 113 97 84 94 73 84 76 65 56 53 44 50 41 38 37 40 45 31 30 26 24 32 39 31 26 23 25 14 26 19 24 27 22 24 22 19 16 11 22 20 18 16 16 13 19 10 18 12 9 18 12 12 10 17 15 10 16 5 10 12 8 7 7 12 4 8 8 5 10 5 10 6 6 7 2 12 7 9 9 4 6 10 7 6 17 10 13 20 29 31 27 31 36 39 36 55 52 51 49 59 59 58 61 44 39 36 37 36 32 24 22 29 12 11 17 11 5 4 3 3 1 4 3 2 0 0 2 0 0 2 0 1 0 0 0 1 0 0 0 1 0 0 0 0 0 0 0 0 0 0 0 0 0 0 0 0 0 0 0 0 0 0 0 0 0 0 0 0 0 0 0 0 0 0 0 0 0 0 0 0 0 0 0 0 0 0 0 0 0 0 0 0 0 0 0 0 0 0 0 0 0 0 0 0 0 0 0 0 0 0 0 0 0 0 0 0 0 0 0 0 0 0 0 0 0 0 0 0 0 0 0 0 0 0 0 0 0 0 0 0 

0.549502	237360 7961 2095 1320 961 698 537 410 386 287 257 192 155 168 142 127 133 101 122 67 80 73 71 78 58 62 44 39 46 36 43 35 31 33 43 31 31 32 33 25 20 25 27 25 27 18 29 21 19 17 12 17 25 6 9 11 17 21 20 11 8 10 10 9 11 3 9 8 17 13 4 19 9 14 16 7 4 19 13 6 9 6 7 5 8 8 4 9 6 9 5 6 11 5 6 9 10 8 10 15 15 11 17 16 20 33 35 33 43 40 53 52 43 48 69 47 51 53 52 37 45 28 38 29 33 30 27 24 15 10 9 9 7 4 11 1 2 5 4 2 4 2 1 1 1 0 0 0 0 0 0 0 0 0 0 0 1 0 0 0 0 0 0 0 0 0 0 0 0 0 0 0 0 0 0 0 0 0 0 0 0 0 0 0 0 0 0 0 0 0 0 0 0 0 0 0 0 0 0 0 0 0 0 0 0 0 0 0 0 0 0 0 0 0 0 0 0 0 0 0 0 0 0 0 0 0 0 0 0 0 0 0 0 0 0 0 0 0 0 0 0 0 0 0 0 0 0 0 0 0 0 0 0 0 0 0 

0.549602	237904 7638 1997 1396 902 633 474 411 346 270 236 217 186 143 151 127 102 113 102 90 96 65 89 54 60 39 59 48 46 45 43 37 40 38 31 31 39 20 24 30 22 27 31 20 17 20 21 27 15 23 13 21 26 18 14 15 15 13 11 14 8 17 11 11 8 12 11 10 16 9 9 12 10 6 16 11 12 8 3 9 9 8 12 11 7 9 7 6 8 12 11 4 5 10 7 9 11 14 8 16 13 15 20 28 25 32 36 34 42 53 41 39 56 51 52 64 62 43 48 48 35 38 45 23 26 21 19 13 13 12 11 10 7 11 2 4 1 1 4 2 2 2 1 1 1 0 0 0 0 0 0 0 0 0 1 0 0 0 0 0 0 0 0 0 0 0 0 0 0 0 0 0 0 0 0 0 0 0 0 0 0 0 0 0 0 0 0 0 0 0 0 0 0 0 0 0 0 0 0 0 0 0 0 0 0 0 0 0 0 0 0 0 0 0 0 0 0 0 0 0 0 0 0 0 0 0 0 0 0 0 0 0 0 0 0 0 0 0 0 0 0 0 0 0 0 0 0 0 0 0 0 0 0 0 0 0 

0.549702	237585 7765 2167 1366 892 676 505 421 340 296 215 214 189 168 138 122 126 82 117 110 82 56 65 70 61 70 45 50 42 42 45 37 35 30 32 27 29 32 17 30 24 20 26 22 24 24 19 26 16 18 20 21 22 18 13 18 9 16 13 11 11 9 12 11 14 12 10 15 13 9 6 11 6 9 7 7 8 8 6 9 5 9 8 8 15 7 6 13 12 11 7 4 9 6 12 9 9 10 14 12 13 8 22 26 28 30 26 21 28 43 43 41 49 62 45 55 47 54 50 52 47 40 47 39 24 28 14 26 16 22 16 9 6 4 5 4 1 2 3 0 1 1 1 0 1 1 1 0 0 1 3 0 0 0 0 0 0 0 0 0 0 0 0 0 0 0 0 0 0 0 0 0 0 0 0 0 0 0 0 0 0 0 0 0 0 0 0 0 0 0 0 0 0 0 0 0 0 0 0 0 0 0 0 0 0 0 0 0 0 0 0 0 0 0 0 0 0 0 0 0 0 0 0 0 0 0 0 0 0 0 0 0 0 0 0 0 0 0 0 0 0 0 0 0 0 0 0 0 0 0 0 0 0 0 0 0 

0.549802	237872 7697 2115 1279 891 632 503 395 342 280 207 196 174 173 147 116 109 105 101 102 81 67 67 54 55 62 52 60 43 37 46 42 31 39 35 44 27 29 21 29 33 17 29 28 28 27 19 13 20 27 21 32 8 16 21 13 16 12 15 11 11 14 10 15 12 12 9 10 11 12 8 10 10 12 18 13 17 10 10 8 7 8 6 6 10 11 10 7 8 11 8 4 5 6 7 8 7 7 9 17 7 16 14 20 23 29 36 26 42 43 37 55 47 44 70 56 42 45 70 47 45 36 35 31 25 21 26 17 22 14 14 8 4 3 5 4 1 3 3 3 4 0 1 0 0 1 0 0 3 0 0 0 0 0 0 1 0 0 0 0 0 0 0 0 0 0 0 0 0 0 0 0 0 0 0 0 0 0 0 0 0 0 0 0 0 0 0 0 0 0 0 0 0 0 0 0 0 0 0 0 0 0 0 0 0 0 0 0 0 0 0 0 0 0 0 0 0 0 0 0 0 0 0 0 0 0 0 0 0 0 0 0 0 0 0 0 0 0 0 0 0 0 0 0 0 0 0 0 0 0 0 0 0 0 0 0 

0.549902	237710 7731 2072 1360 908 697 526 408 327 293 228 197 162 172 133 131 111 116 121 88 62 69 67 53 54 60 50 49 49 38 44 40 19 38 34 37 24 41 22 24 27 27 28 22 26 15 19 19 16 23 22 14 16 15 22 13 15 14 14 11 12 14 19 13 11 11 12 17 15 11 6 16 9 8 13 15 13 3 7 7 12 8 8 9 12 10 7 10 8 10 7 6 9 9 9 12 7 11 11 12 12 20 14 24 23 31 26 34 31 44 40 48 49 65 48 54 44 42 53 49 50 34 32 23 32 28 24 24 21 24 9 8 6 3 5 5 2 4 3 0 1 0 0 1 3 0 0 0 1 0 0 0 0 0 0 0 0 0 0 0 0 0 0 0 0 0 0 0 0 0 0 0 0 0 0 0 0 0 0 0 0 0 0 0 0 0 0 0 0 0 0 0 0 0 0 0 0 0 0 0 0 0 0 0 0 0 0 0 0 0 0 0 0 0 0 0 0 0 0 0 0 0 0 0 0 0 0 0 0 0 0 0 0 0 0 0 0 0 0 0 0 0 0 0 0 0 0 0 0 0 0 0 0 0 0 0 

