0.540000	2436906 99870 29702 19330 13104 9800 7483 5933 5012 4039 3464 3032 2572 2376 2129 1917 1678 1532 1430 1250 1215 1095 1023 950 917 878 865 755 745 695 707 681 721 689 721 768 795 902 1091 1325 1578 1669 2038 2121 2371 2451 2474 2419 2240 2161 1779 1528 1317 998 737 607 444 320 212 156 108 87 69 38 26 13 21 8 5 6 0 1 0 0 0 0 1 0 0 0 0 0 0 0 0 0 0 0 0 0 0 0 0 0 0 0 0 0 0 0 

0.540100	2437558 98997 29696 19385 13316 9737 7646 5850 4894 4080 3477 3013 2680 2315 2098 1805 1607 1553 1392 1347 1186 1154 1002 1034 973 895 865 770 729 719 691 673 674 654 753 791 839 972 1035 1349 1506 1685 2043 2257 2261 2396 2428 2382 2321 2093 1805 1524 1351 980 763 581 409 323 220 135 130 100 62 48 26 25 16 9 5 10 1 1 0 0 0 0 0 0 0 0 0 0 0 0 0 0 0 0 0 0 0 0 0 0 0 0 0 0 0 0 

0.540200	2437595 99485 29483 19331 13195 9547 7476 5949 4872 4212 3505 3027 2697 2226 2093 1884 1717 1501 1378 1291 1169 1135 1030 978 978 934 774 815 704 694 709 664 663 733 715 711 828 970 1098 1286 1526 1804 1900 2254 2455 2414 2488 2442 2304 2024 1845 1526 1243 931 748 597 451 313 219 150 104 104 63 41 36 28 17 11 6 4 0 0 0 0 0 0 0 0 0 0 0 0 0 0 0 0 0 0 0 0 0 0 0 0 0 0 0 0 0 0 

0.540300	2438604 99032 29492 19423 13026 9532 7396 5786 4863 4074 3406 2973 2548 2368 2096 1778 1651 1455 1455 1362 1276 1078 1026 971 947 858 809 767 790 725 667 702 680 687 728 765 836 971 1125 1328 1526 1703 2003 2255 2421 2425 2566 2391 2209 2024 1823 1485 1270 990 796 572 473 306 226 148 111 92 56 47 42 27 20 18 4 10 3 1 0 1 0 0 0 0 0 0 0 0 0 0 0 0 0 0 0 0 0 0 0 0 0 0 0 0 0 0 

0.540400	2437357 99320 29696 19311 13206 9658 7569 6007 4880 4061 3498 2948 2654 2354 2097 1876 1673 1606 1431 1254 1230 1129 1092 1018 936 889 834 803 788 727 696 623 625 666 685 783 838 931 1092 1279 1494 1718 1993 2208 2345 2443 2487 2474 2233 2146 1741 1605 1314 954 759 601 390 303 219 186 99 80 54 40 33 27 11 7 5 4 2 1 1 2 1 0 0 0 0 0 0 0 0 0 0 0 0 0 0 0 0 0 0 0 0 0 0 0 0 0 

0.540500	2438182 98944 29108 19340 13485 9701 7461 6041 4805 4060 3479 3033 2611 2372 2056 1835 1672 1618 1354 1340 1174 1120 1010 959 866 900 815 784 785 769 680 693 670 697 747 780 832 951 1126 1271 1476 1795 2035 2254 2396 2386 2475 2435 2199 2151 1757 1454 1240 993 744 602 420 325 232 169 124 91 76 52 32 25 15 10 6 4 1 0 0 0 0 0 0 0 0 0 0 0 0 0 0 0 0 0 0 0 0 0 0 0 0 0 0 0 0 0 

0.540600	2437950 99058 29456 19423 13135 9697 7270 5938 4841 4137 3485 2959 2757 2318 2143 1924 1708 1522 1475 1288 1202 1133 1054 969 976 889 854 786 757 733 715 650 652 709 655 783 756 997 1101 1209 1591 1703 1948 2201 2441 2463 2481 2480 2178 2089 1803 1563 1230 989 782 571 464 286 225 163 118 72 62 36 35 25 14 12 4 3 0 3 0 1 0 0 0 0 0 0 0 0 0 0 0 0 0 0 0 0 0 0 0 0 0 0 0 0 0 0 

0.540700	2437487 99455 29522 19207 13190 9665 7560 5933 4848 4193 3518 3034 2649 2371 2093 1883 1611 1478 1404 1291 1254 1147 1070 1015 929 901 797 854 771 678 720 690 667 677 744 698 804 922 1137 1315 1501 1747 1917 2204 2248 2477 2501 2472 2320 2060 1812 1553 1248 953 782 610 427 292 230 178 122 81 58 38 28 24 12 12 4 2 1 0 1 2 1 0 0 0 0 0 0 0 0 0 0 0 0 0 0 0 0 0 0 0 0 0 0 0 0 0 

0.540800	2437924 99159 29433 19250 13408 9739 7299 6038 4876 4027 3414 2963 2612 2336 2148 1932 1706 1485 1369 1310 1179 1144 992 1004 917 895 894 796 795 748 718 694 642 702 714 762 834 884 1145 1232 1431 1791 2026 2240 2362 2423 2380 2392 2288 2112 1777 1521 1310 1016 798 547 416 343 210 176 114 95 68 41 31 22 19 13 10 3 3 2 0 0 0 1 0 0 0 0 0 0 0 0 0 0 0 0 0 0 0 0 0 0 0 0 0 0 0 0 

0.540900	2437899 99121 29409 19230 13254 9703 7417 5974 4961 4093 3563 3068 2644 2314 2075 1905 1681 1487 1388 1269 1218 1146 998 964 916 903 813 819 786 684 702 695 690 705 671 791 807 953 1098 1318 1516 1743 2086 2133 2386 2494 2454 2366 2312 2009 1762 1531 1267 1025 736 592 424 338 206 165 105 96 61 47 38 26 24 15 4 2 0 3 1 1 0 0 0 0 0 0 0 0 0 0 0 0 0 0 0 0 0 0 0 0 0 0 0 0 0 0 

0.541000	2438124 98437 29784 19299 13204 9519 7554 6092 4929 4109 3474 3035 2657 2365 2100 1828 1720 1560 1419 1293 1225 1097 1072 988 925 889 792 785 766 710 706 672 693 654 714 750 861 936 1122 1319 1509 1733 1969 2232 2366 2430 2503 2474 2234 2008 1836 1512 1252 1013 740 588 425 316 214 165 136 73 62 39 30 18 13 14 7 6 3 2 0 0 0 0 0 0 0 0 0 0 0 0 0 0 0 0 0 0 0 0 0 0 0 0 0 0 0 0 

0.541100	2438409 98898 29300 19170 13190 9717 7258 6061 4953 4081 3529 3026 2644 2393 2133 1840 1591 1549 1403 1307 1164 1133 1057 1019 893 816 827 816 723 720 690 732 705 658 695 800 883 976 1041 1248 1453 1803 2015 2195 2480 2503 2472 2472 2233 2059 1830 1461 1285 963 722 572 411 320 203 157 125 89 69 48 38 28 20 6 4 8 6 1 0 1 0 0 0 0 0 0 0 0 0 0 0 0 0 0 0 0 0 0 0 0 0 0 0 0 0 0 

0.541200	2437632 99776 29413 19175 13150 9761 7368 5973 4891 4011 3409 2981 2607 2356 2061 1832 1666 1546 1388 1344 1252 1092 1049 1013 920 846 798 822 763 746 732 685 669 628 739 750 916 946 1098 1244 1530 1825 2003 2226 2420 2489 2522 2414 2260 1951 1810 1593 1189 1002 728 548 420 286 246 161 108 106 78 37 28 31 18 13 3 2 2 2 0 1 0 0 0 0 0 0 0 0 0 0 0 0 0 0 0 0 0 0 0 0 0 0 0 0 0 0 

0.541300	2438571 98632 29516 19194 13378 9544 7419 5856 4748 4081 3388 3028 2612 2341 1979 1866 1741 1533 1480 1313 1208 1187 1086 1017 962 858 852 830 806 696 757 691 654 679 723 759 813 933 1111 1302 1570 1816 2022 2130 2495 2369 2534 2325 2254 2055 1765 1550 1270 971 774 591 409 282 231 163 115 79 50 45 25 28 14 10 8 1 1 2 1 0 0 1 0 0 0 0 0 0 0 0 0 0 0 0 0 0 0 0 0 0 0 0 0 0 0 0 

0.541400	2439396 98526 29252 19268 13076 9501 7314 5937 4757 3963 3438 2875 2663 2310 2018 1879 1682 1590 1357 1302 1214 1193 1019 1027 908 924 856 831 784 739 730 683 687 678 786 735 844 950 1087 1273 1487 1765 2096 2245 2401 2554 2426 2418 2306 2084 1754 1500 1223 967 725 562 426 301 199 165 145 78 59 47 41 21 23 15 5 8 2 0 0 0 0 0 0 0 0 0 0 0 0 0 0 0 0 0 0 0 0 0 0 0 0 0 0 0 0 0 

0.541500	2438940 98593 29226 19276 13073 9670 7388 5793 4882 4100 3465 3002 2723 2369 2163 1793 1725 1485 1447 1317 1129 1055 1044 1002 950 906 821 798 794 728 673 716 674 696 686 733 865 970 1105 1332 1518 1839 2055 2241 2341 2401 2470 2423 2220 2063 1816 1538 1206 945 803 572 386 337 221 168 129 81 64 44 27 30 24 15 4 2 4 3 2 0 1 0 0 0 0 0 0 0 0 0 0 0 0 0 0 0 0 0 0 0 0 0 0 0 0 0 

0.541600	2439432 98174 29169 19363 13236 9633 7270 5917 4862 4044 3432 2909 2613 2330 1979 1814 1709 1490 1400 1325 1203 1168 1080 1032 941 886 839 768 775 708 745 760 665 654 703 749 843 1014 1144 1348 1485 1781 2055 2361 2423 2386 2610 2371 2269 1973 1759 1500 1243 982 779 512 395 285 237 162 105 80 62 44 30 30 19 12 13 5 2 2 1 0 1 0 0 0 0 0 0 0 0 0 0 0 0 0 0 0 0 0 0 0 0 0 0 0 0 0 

0.541700	2438580 98889 29452 19171 13323 9464 7370 5828 4821 4130 3441 3001 2708 2243 2085 1847 1657 1499 1439 1314 1202 1065 1055 984 943 953 814 772 758 757 722 669 659 759 717 757 873 950 1140 1318 1585 1787 2023 2258 2410 2483 2510 2357 2146 2090 1788 1498 1237 988 703 575 417 295 244 159 129 70 65 48 31 18 21 15 8 4 5 1 3 0 0 0 0 0 0 0 0 0 0 0 0 0 0 0 0 0 0 0 0 0 0 0 0 0 0 0 

0.541800	2438130 99315 29495 19115 13331 9536 7319 5928 4942 4015 3518 2962 2592 2338 2099 1873 1665 1474 1329 1254 1156 1123 1059 1016 947 926 835 727 777 744 696 693 700 668 735 777 866 961 1130 1328 1528 1841 2058 2234 2401 2443 2472 2441 2260 2031 1791 1469 1233 962 712 588 414 311 225 146 131 100 63 42 36 28 15 10 11 1 4 2 1 2 0 0 0 0 0 0 0 0 0 0 0 0 0 0 0 0 0 0 0 0 0 0 0 0 0 0 

0.541900	2440009 97792 29225 19274 13197 9352 7491 5772 4857 3977 3456 2972 2654 2379 2056 1808 1650 1514 1393 1270 1219 1069 1086 1005 937 892 860 783 790 678 779 712 739 671 680 764 847 1032 1108 1411 1570 1826 2043 2194 2282 2510 2633 2375 2263 2064 1728 1497 1144 927 761 569 441 294 233 178 94 76 74 57 30 25 21 12 8 4 2 3 2 0 0 0 0 0 0 0 0 0 0 0 0 0 0 0 0 0 0 0 0 0 0 0 0 0 0 0 

0.542000	2438180 99194 29519 19048 13125 9589 7293 6036 4847 4135 3541 2955 2620 2377 2073 1853 1788 1564 1342 1215 1222 1126 1056 992 910 896 796 821 818 707 741 677 648 697 704 740 837 924 1135 1304 1498 1879 2089 2287 2371 2544 2474 2420 2176 2015 1801 1470 1285 936 782 554 396 301 216 150 127 81 55 47 29 26 14 8 9 6 5 1 2 1 0 0 0 0 0 0 0 0 0 0 0 0 0 0 0 0 0 0 0 0 0 0 0 0 0 0 

0.542100	2439464 98078 29121 19256 13237 9514 7256 6011 4910 4096 3481 3029 2635 2342 2085 1869 1658 1475 1471 1292 1183 1153 1099 994 948 843 831 801 759 761 702 705 702 656 712 760 867 907 1079 1345 1552 1813 2025 2249 2332 2472 2553 2375 2358 2026 1748 1443 1236 987 715 611 417 288 193 176 135 86 65 48 31 35 6 15 6 9 3 4 1 0 0 0 0 0 0 0 0 0 0 0 0 0 0 0 0 0 0 0 0 0 0 0 0 0 0 0 

0.542200	2440063 97864 29392 19043 13099 9701 7195 5903 4835 4003 3365 2935 2637 2305 2065 1850 1715 1524 1403 1280 1189 1137 1066 958 952 853 821 764 773 725 676 669 744 749 701 778 863 978 1116 1394 1603 1738 2028 2291 2400 2538 2470 2377 2255 2037 1647 1495 1292 947 747 600 403 331 217 147 129 105 62 42 50 25 15 10 6 2 5 2 0 0 1 0 0 0 0 0 0 0 0 0 0 0 0 0 0 0 0 0 0 0 0 0 0 0 0 0 

0.542300	2440476 97891 28805 19295 13066 9457 7407 5856 4791 4052 3525 2923 2689 2267 2070 1806 1611 1471 1410 1274 1196 1083 1037 955 901 863 829 777 774 751 781 717 718 725 713 769 828 990 1135 1328 1531 1796 2059 2309 2404 2534 2419 2398 2246 2024 1773 1540 1242 988 731 576 407 288 222 154 143 91 57 52 35 27 9 13 9 4 6 0 1 0 0 0 0 0 0 0 0 0 0 0 0 0 0 0 0 0 0 0 0 0 0 0 0 0 0 0 

0.542400	2440181 98155 28979 18801 13047 9718 7201 5848 4836 4036 3425 3064 2693 2246 2150 1867 1742 1577 1386 1304 1190 1084 1074 1004 863 854 843 795 718 705 658 676 704 686 752 784 870 989 1189 1314 1591 1883 2035 2318 2514 2412 2520 2405 2313 1993 1731 1468 1214 951 700 583 397 272 221 170 107 78 73 40 28 25 18 16 8 4 2 0 0 1 1 0 0 0 0 0 0 0 0 0 0 0 0 0 0 0 0 0 0 0 0 0 0 0 0 0 

0.542500	2439546 98767 28944 19225 12979 9451 7381 5795 4802 4178 3555 2910 2539 2318 2060 1789 1679 1535 1373 1289 1201 1168 1045 994 938 881 815 839 752 712 677 692 688 692 715 754 856 986 1169 1310 1581 1860 2092 2237 2340 2456 2475 2434 2232 2078 1808 1557 1252 894 738 588 411 306 215 176 114 74 47 47 30 23 8 11 8 3 5 0 0 1 0 0 0 0 0 0 0 0 0 0 0 0 0 0 0 0 0 0 0 0 0 0 0 0 0 0 

0.542600	2440050 98024 29006 19208 12893 9633 7457 5984 4778 4037 3418 2991 2599 2241 2036 1872 1720 1492 1359 1299 1221 1111 1045 977 862 911 869 820 828 733 709 646 714 720 655 782 856 935 1182 1399 1654 1836 1994 2292 2416 2571 2450 2323 2261 2045 1746 1469 1184 941 767 524 430 322 201 177 127 82 70 42 29 35 17 7 9 5 0 0 0 0 2 0 0 0 0 0 0 0 0 0 0 0 0 0 0 0 0 0 0 0 0 0 0 0 0 0 

0.542700	2439792 98494 29133 19194 13150 9567 7247 5831 4731 4043 3442 2899 2525 2246 2098 1793 1631 1516 1352 1332 1295 1052 1016 1024 936 880 803 760 811 710 773 701 681 709 686 730 897 1001 1183 1370 1563 1769 2119 2236 2429 2592 2484 2470 2244 2005 1662 1505 1248 906 731 558 401 312 216 184 117 96 66 48 35 33 17 7 6 3 0 2 1 0 1 0 0 0 0 0 0 0 0 0 0 0 0 0 0 0 0 0 0 0 0 0 0 0 0 0 

0.542800	2439608 98513 29342 18855 12930 9445 7384 5976 4785 4064 3468 3008 2538 2404 2051 1837 1730 1512 1428 1301 1193 1117 1059 1004 941 860 801 775 762 792 712 676 680 686 724 821 836 1003 1110 1370 1626 1829 2068 2274 2315 2457 2541 2395 2252 2039 1746 1500 1198 949 744 586 392 302 204 157 104 91 67 48 45 23 17 12 10 4 2 0 1 1 0 0 0 0 0 0 0 0 0 0 0 0 0 0 0 0 0 0 0 0 0 0 0 0 0 0 

0.542901	2440431 97895 29101 18887 13027 9537 7310 5942 4906 4014 3446 3017 2664 2193 2023 1797 1678 1530 1430 1249 1169 1095 1059 934 970 862 883 809 749 709 754 727 692 693 676 844 881 1019 1166 1348 1613 1794 2015 2270 2423 2506 2527 2428 2189 1999 1769 1447 1200 955 785 495 440 308 229 167 141 72 70 45 36 24 13 7 6 5 3 3 0 0 0 0 0 0 0 0 0 0 0 0 0 0 0 0 0 0 0 0 0 0 0 0 0 0 0 0 

0.543001	2440442 97889 28955 19043 13059 9463 7245 5976 4723 3978 3391 2989 2598 2396 2122 1876 1710 1537 1359 1329 1254 1160 1119 952 919 890 824 794 733 744 712 691 663 691 704 777 854 1015 1097 1393 1593 1778 2104 2361 2416 2477 2480 2417 2278 2024 1720 1429 1216 925 709 604 412 282 233 177 123 77 50 45 28 23 19 14 7 5 1 4 2 1 0 0 0 0 0 0 0 0 0 0 0 0 0 0 0 0 0 0 0 0 0 0 0 0 0 0 

0.543101	2440611 97857 28784 18879 13162 9630 7446 5876 4849 3961 3414 2977 2544 2397 2084 1859 1666 1526 1413 1269 1214 1063 987 972 864 889 806 809 746 794 723 646 649 682 764 761 886 1036 1189 1372 1555 1772 2086 2320 2389 2508 2513 2446 2226 2008 1725 1519 1201 978 745 538 432 307 210 163 135 70 63 42 35 21 9 10 9 4 3 1 1 0 0 0 0 0 0 0 0 0 0 0 0 0 0 0 0 0 0 0 0 0 0 0 0 0 0 0 

0.543201	2441277 97314 28943 19102 13070 9256 7166 5830 4760 4079 3409 2958 2596 2380 2035 1896 1666 1452 1433 1330 1229 1178 1089 1005 915 889 893 781 720 786 718 698 618 652 749 832 872 1056 1231 1348 1659 1763 2012 2308 2346 2492 2518 2348 2203 2038 1698 1492 1251 874 733 552 426 340 222 173 111 103 71 39 44 24 13 13 3 13 2 2 3 0 0 0 0 0 0 0 0 0 0 0 0 0 0 0 0 0 0 0 0 0 0 0 0 0 0 0 

0.543301	2440377 98194 29129 18835 13003 9293 7200 5961 4907 4082 3449 2977 2590 2300 2086 1721 1641 1534 1382 1291 1175 1124 1086 988 929 901 839 778 783 751 775 712 711 738 707 790 855 998 1183 1363 1606 1817 2035 2300 2372 2526 2549 2424 2206 2051 1758 1437 1179 944 732 532 371 299 213 157 120 82 72 57 51 23 20 15 6 4 2 1 1 0 0 0 0 0 0 0 0 0 0 0 0 0 0 0 0 0 0 0 0 0 0 0 0 0 0 0 

0.543401	2441426 97819 28807 18901 12993 9342 7299 5745 4756 3978 3369 2995 2587 2305 1988 1819 1649 1513 1426 1250 1124 1130 1053 1009 960 859 845 765 749 748 693 689 664 703 772 763 870 1011 1205 1400 1586 1837 2072 2356 2443 2493 2440 2446 2182 2051 1718 1515 1195 917 753 543 424 279 229 154 123 101 75 63 40 33 22 9 10 9 1 1 0 1 0 0 0 0 0 0 0 0 0 0 0 0 0 0 0 0 0 0 0 0 0 0 0 0 0 0 

0.543501	2441021 97957 28941 19115 12933 9229 7256 5792 4697 4003 3370 2953 2538 2341 2041 1832 1721 1504 1370 1291 1247 1207 1044 970 886 873 860 830 712 744 695 723 665 705 713 788 869 1060 1164 1394 1535 1877 2059 2242 2442 2537 2547 2502 2176 1997 1683 1437 1177 1009 740 553 398 275 253 158 118 104 70 54 39 30 14 6 6 5 0 2 0 1 0 0 0 0 0 0 0 0 0 0 0 0 0 0 0 0 0 0 0 0 0 0 0 0 0 0 

0.543601	2440807 97544 29001 18802 13297 9502 7468 5853 4883 3925 3387 2922 2567 2285 2112 1817 1682 1487 1402 1296 1194 1092 1088 986 926 824 860 825 794 752 701 689 688 703 741 766 897 964 1177 1299 1544 1850 2144 2300 2362 2534 2491 2450 2305 2035 1739 1439 1186 944 724 520 406 275 222 171 134 93 67 53 22 33 19 9 6 7 7 2 0 2 0 0 0 0 0 0 0 0 0 0 0 0 0 0 0 0 0 0 0 0 0 0 0 0 0 0 

0.543701	2441459 97376 28671 18800 13219 9481 7460 5833 4785 4032 3376 2910 2617 2332 2023 1783 1634 1453 1349 1343 1209 1157 1043 974 872 954 868 834 776 734 739 703 684 690 756 792 864 1007 1176 1369 1550 1895 2010 2196 2446 2499 2408 2362 2244 2019 1769 1502 1215 985 719 578 398 280 241 166 130 92 69 65 36 33 17 16 8 7 1 3 2 0 1 1 0 0 0 0 0 0 0 0 0 0 0 0 0 0 0 0 0 0 0 0 0 0 0 0 

0.543801	2441354 97660 28865 19118 12862 9289 7388 5594 4783 4043 3414 2839 2632 2331 2013 1814 1693 1469 1375 1276 1214 1127 1030 1031 974 909 845 815 763 748 726 724 654 684 717 825 835 1027 1198 1322 1686 1849 2044 2266 2454 2581 2489 2450 2242 1993 1682 1466 1253 937 679 569 403 275 211 151 124 93 63 49 27 30 13 18 10 5 2 3 2 0 0 0 1 0 0 0 0 0 0 0 0 0 0 0 0 0 0 0 0 0 0 0 0 0 0 0 

0.543901	2441178 97597 28907 18839 12850 9541 7358 5898 4746 4069 3469 2942 2570 2285 2113 1828 1642 1448 1391 1325 1164 1140 1028 1028 894 901 851 801 733 685 720 720 727 727 712 821 903 977 1202 1387 1563 1930 1984 2273 2427 2525 2504 2468 2216 1954 1732 1441 1183 957 721 544 381 298 253 167 137 93 63 55 42 25 18 12 8 4 2 3 0 0 0 0 0 0 0 0 0 0 0 0 0 0 0 0 0 0 0 0 0 0 0 0 0 0 0 0 

0.544001	2442891 96677 28854 18593 12877 9289 7245 5773 4713 4021 3314 2992 2535 2307 2032 1842 1694 1456 1405 1261 1204 1110 1068 963 953 919 846 794 770 731 716 700 678 725 737 769 917 1101 1185 1440 1592 1854 2063 2315 2471 2481 2457 2409 2258 1995 1742 1432 1173 926 752 568 362 308 230 148 129 85 66 61 33 28 27 13 7 9 4 3 0 1 0 1 0 0 0 0 0 0 0 0 0 0 0 0 0 0 0 0 0 0 0 0 0 0 0 0 

0.544101	2441902 97324 28535 18839 12994 9598 7344 5669 4812 3993 3447 2925 2553 2263 2045 1762 1684 1538 1343 1302 1171 1100 1057 968 973 855 860 796 777 778 721 695 703 738 746 767 877 1000 1119 1409 1621 1879 2163 2361 2419 2573 2392 2433 2257 1883 1738 1481 1199 881 727 578 426 272 256 129 103 102 48 49 33 39 23 19 10 9 6 5 1 1 1 1 0 0 0 0 0 0 0 0 0 0 0 0 0 0 0 0 0 0 0 0 0 0 0 0 

0.544201	2442283 96464 28811 18967 13010 9470 7111 5892 4847 4128 3412 2977 2468 2343 2063 1859 1645 1561 1349 1308 1154 1067 1027 974 942 909 861 749 768 715 719 683 677 712 770 832 958 1021 1230 1355 1621 1866 2027 2326 2486 2615 2476 2344 2251 2024 1735 1389 1189 934 713 511 399 282 226 173 106 86 68 51 30 29 23 5 9 5 4 4 0 0 1 0 1 0 0 0 0 0 0 0 0 0 0 0 0 0 0 0 0 0 0 0 0 0 0 0 

0.544301	2441291 97825 28767 18768 13005 9456 7193 5822 4843 4046 3342 2924 2585 2279 2053 1814 1687 1513 1405 1305 1223 1124 1014 1039 936 930 816 748 759 740 725 664 734 710 708 793 878 1019 1258 1346 1609 1935 2022 2295 2435 2513 2473 2401 2161 2018 1739 1447 1146 930 742 573 425 286 235 182 123 86 58 47 37 31 27 17 9 6 3 2 0 0 0 0 0 0 0 0 0 0 0 0 0 0 0 0 0 0 0 0 0 0 0 0 0 0 0 0 

0.544401	2440931 97527 29094 19021 12968 9451 7386 5916 4791 3963 3535 3002 2535 2281 2089 1793 1617 1508 1315 1262 1188 1075 1061 914 949 899 844 771 781 715 732 690 721 709 702 847 932 1006 1135 1364 1641 1877 2018 2245 2431 2491 2591 2479 2245 2012 1724 1424 1180 922 721 539 396 299 220 173 125 91 61 51 50 27 20 9 7 4 2 4 0 0 0 1 0 0 0 0 0 0 0 0 0 0 0 0 0 0 0 0 0 0 0 0 0 0 0 0 

0.544501	2441999 97020 28670 18994 13191 9324 7275 5790 4790 3958 3363 2943 2573 2260 2045 1757 1722 1574 1406 1269 1167 1091 1033 964 923 844 872 787 775 749 737 760 691 667 749 813 834 1026 1168 1398 1569 1908 2137 2400 2423 2626 2426 2381 2225 1959 1725 1529 1176 923 676 534 399 297 227 137 120 89 70 47 39 29 24 10 14 5 3 1 0 1 0 0 0 0 0 0 0 0 0 0 0 0 0 0 0 0 0 0 0 0 0 0 0 0 0 0 

0.544601	2442856 96748 28661 18763 13036 9316 7203 5734 4686 3901 3374 2947 2609 2247 2060 1865 1641 1507 1364 1313 1177 1056 1015 982 942 921 817 780 753 695 739 714 732 733 736 789 850 1049 1259 1466 1741 1924 2108 2256 2353 2479 2376 2480 2208 1989 1782 1481 1159 920 743 545 400 311 213 166 114 75 66 56 36 22 14 19 9 8 4 2 2 1 0 1 0 1 0 0 0 0 0 0 0 0 0 0 0 0 0 0 0 0 0 0 0 0 0 0 

0.544701	2442625 96858 28560 18757 12869 9433 7221 5801 4775 4060 3375 2945 2563 2282 1929 1777 1697 1546 1439 1395 1216 1139 1015 939 887 928 804 762 773 778 727 722 665 713 684 802 906 996 1178 1388 1665 1884 2185 2276 2536 2573 2451 2421 2227 1933 1725 1429 1128 954 718 544 389 316 199 164 115 100 56 47 45 31 19 18 7 5 5 3 2 1 0 0 0 0 0 0 0 0 0 0 0 0 0 0 0 0 0 0 0 0 0 0 0 0 0 0 

0.544801	2443058 96504 28541 18941 12824 9153 7247 5788 4717 3994 3485 2840 2560 2357 2031 1867 1698 1500 1376 1290 1198 1127 1028 972 971 873 847 807 799 700 694 719 682 711 757 827 908 983 1199 1467 1681 1906 2135 2291 2559 2537 2424 2352 2226 1948 1751 1426 1120 916 722 526 410 303 220 141 122 114 59 52 44 27 15 15 8 3 3 3 1 0 0 0 0 0 0 0 0 0 0 0 0 0 0 0 0 0 0 0 0 0 0 0 0 0 0 0 

0.544901	2442496 96673 28619 18877 12931 9319 7313 5872 4648 3978 3462 3035 2564 2243 2034 1856 1615 1531 1385 1313 1219 1100 983 996 956 935 843 755 830 762 692 731 717 708 762 775 934 1029 1204 1427 1685 1835 2197 2271 2477 2577 2509 2382 2170 1933 1729 1486 1187 871 695 492 378 296 217 153 121 86 68 45 34 28 26 14 7 4 2 2 0 0 1 0 0 0 0 0 0 0 0 0 0 0 0 0 0 0 0 0 0 0 0 0 0 0 0 0 

0.545001	2442311 97170 28529 18614 13078 9298 7254 5926 4728 4027 3367 2954 2544 2256 2086 1857 1638 1472 1429 1304 1199 1093 1050 994 941 932 822 794 786 688 720 717 716 714 716 783 905 1016 1215 1405 1635 1863 2192 2294 2354 2524 2575 2371 2210 2060 1709 1352 1165 984 717 535 415 261 214 161 125 86 75 56 37 31 19 9 10 8 1 1 3 0 0 0 0 0 0 0 0 0 0 0 0 0 0 0 0 0 0 0 0 0 0 0 0 0 0 0 

0.545101	2442018 97425 28561 18711 12947 9418 7170 5878 4660 4020 3488 3004 2625 2289 2075 1794 1719 1436 1308 1239 1194 1096 1055 1006 914 860 877 792 753 753 707 697 679 743 802 792 866 1060 1201 1415 1600 1945 2136 2389 2397 2555 2438 2397 2245 2009 1681 1453 1140 950 670 521 409 322 205 153 133 76 63 55 37 30 9 15 6 7 5 1 1 0 0 0 0 0 0 0 0 0 0 0 0 0 0 0 0 0 0 0 0 0 0 0 0 0 0 0 

0.545201	2443197 96453 28634 18616 13013 9362 7240 5804 4704 3966 3339 2857 2575 2240 2037 1814 1640 1429 1388 1338 1163 1092 1076 996 880 942 883 780 766 777 708 685 744 663 803 830 929 996 1199 1494 1700 1845 2077 2419 2514 2493 2518 2431 2220 2026 1653 1405 1137 873 690 546 411 265 213 166 109 95 76 57 34 23 15 21 5 5 2 1 2 1 0 0 0 0 0 0 0 0 0 0 0 0 0 0 0 0 0 0 0 0 0 0 0 0 0 0 

0.545301	2442506 97150 28621 18704 12993 9318 7259 5702 4844 3979 3419 2877 2609 2275 2003 1789 1649 1521 1308 1203 1171 1096 1080 956 962 867 806 792 795 765 752 714 714 709 734 757 875 1054 1209 1409 1645 1892 2148 2345 2498 2503 2500 2338 2197 2069 1669 1390 1198 960 721 529 425 283 225 178 113 89 64 61 44 21 14 11 8 10 2 1 0 1 0 2 0 0 0 0 0 0 0 0 0 0 0 0 0 0 0 0 0 0 0 0 0 0 0 0 

0.545401	2442616 96701 28982 18737 12914 9209 7325 5842 4724 4004 3303 2914 2560 2318 2026 1852 1659 1507 1311 1247 1180 1143 1086 948 916 831 846 843 760 713 696 704 715 692 734 788 916 1020 1270 1450 1647 1890 2151 2400 2431 2498 2460 2393 2213 2029 1714 1412 1165 939 706 521 406 308 213 164 107 93 65 52 33 38 18 17 8 4 2 1 0 0 0 0 0 0 0 0 0 0 0 0 0 0 0 0 0 0 0 0 0 0 0 0 0 0 0 0 

0.545501	2442752 96788 28572 18827 12825 9362 7318 5827 4763 3895 3385 2891 2565 2262 2081 1814 1661 1562 1389 1272 1139 1111 1051 988 907 841 834 784 767 718 701 738 676 738 768 784 931 1070 1209 1423 1625 1918 2195 2316 2492 2522 2607 2427 2308 1923 1726 1362 1060 942 653 522 383 285 204 178 116 81 84 53 32 29 21 18 10 9 5 2 1 1 0 1 0 0 0 0 0 0 0 0 0 0 0 0 0 0 0 0 0 0 0 0 0 0 0 0 

0.545601	2442908 96321 28557 18884 12978 9378 7140 5839 4826 3987 3416 2954 2592 2300 1994 1876 1663 1519 1413 1279 1183 1105 1021 1017 950 837 841 789 718 785 677 709 726 703 790 806 950 1013 1221 1549 1654 1930 2140 2298 2397 2485 2427 2358 2200 2005 1681 1442 1191 935 714 521 401 275 231 165 111 79 62 73 38 29 16 10 4 7 1 4 0 1 0 1 0 0 0 0 0 0 0 0 0 0 0 0 0 0 0 0 0 0 0 0 0 0 0 0 

0.545701	2442898 96946 28550 18821 12864 9282 7123 5745 4660 3865 3411 3037 2561 2235 2064 1781 1613 1557 1443 1261 1207 1080 1081 1015 922 828 809 784 683 764 727 714 709 692 728 855 949 1030 1247 1511 1664 1934 2170 2363 2460 2503 2480 2382 2197 2029 1763 1340 1199 810 707 527 385 317 198 176 118 94 53 53 37 23 21 18 8 9 4 2 2 0 1 1 0 0 0 0 0 0 0 0 0 0 0 0 0 0 0 0 0 0 0 0 0 0 0 0 

0.545801	2444221 96074 28340 18719 12705 9258 7061 5726 4672 4053 3408 2926 2560 2320 2003 1817 1584 1502 1368 1275 1208 1130 1011 991 913 931 835 775 740 751 694 721 669 703 738 823 910 1048 1234 1411 1732 1982 2201 2447 2501 2587 2463 2375 2227 1903 1689 1454 1131 844 697 530 414 273 230 152 98 90 69 59 32 39 26 10 7 6 1 1 1 0 1 0 0 0 0 0 0 0 0 0 0 0 0 0 0 0 0 0 0 0 0 0 0 0 0 0 

0.545901	2443498 96374 28504 18506 12823 9190 7244 5777 4724 3934 3422 3032 2537 2256 2078 1929 1659 1521 1381 1298 1252 1112 984 984 961 914 885 808 834 756 719 656 659 691 739 804 910 1026 1215 1453 1642 1969 2190 2365 2481 2556 2508 2380 2101 1956 1762 1422 1096 875 696 527 386 293 222 172 120 93 71 62 29 27 18 15 5 6 2 1 1 2 0 0 0 0 0 0 0 0 0 0 0 0 0 0 0 0 0 0 0 0 0 0 0 0 0 0 

0.546001	2443978 95992 28230 18708 12821 9283 7290 5850 4699 4009 3359 2914 2474 2234 2056 1776 1656 1500 1436 1334 1191 1140 1066 974 967 916 871 776 777 729 706 655 704 695 788 840 974 1056 1169 1456 1666 1895 2161 2379 2552 2584 2530 2378 2193 1950 1696 1345 1119 922 637 528 415 279 219 157 111 91 73 51 35 31 17 14 11 5 2 3 1 0 0 1 0 0 0 0 0 0 0 0 0 0 0 0 0 0 0 0 0 0 0 0 0 0 0 0 

0.546101	2444264 95852 28571 18589 12940 9157 7040 5598 4711 3916 3417 2889 2641 2265 2074 1872 1664 1503 1383 1343 1173 1137 1026 1000 879 817 855 807 781 768 711 705 733 719 765 839 896 1094 1237 1501 1698 1845 2084 2344 2474 2507 2591 2422 2214 1910 1620 1443 1088 918 729 480 396 319 246 174 122 86 82 44 40 25 22 22 13 5 3 1 0 0 1 0 0 0 0 0 0 0 0 0 0 0 0 0 0 0 0 0 0 0 0 0 0 0 0 0 

0.546201	2444823 95841 28070 18662 12769 9056 7174 5674 4756 3804 3434 2890 2571 2306 2043 1895 1668 1527 1310 1300 1175 1118 992 996 959 844 798 780 777 761 685 716 676 796 775 821 956 1100 1303 1437 1670 1964 2188 2362 2432 2521 2583 2388 2242 1965 1655 1415 1107 893 697 506 367 297 216 166 117 78 69 51 43 27 14 16 5 2 0 2 3 1 0 0 0 0 0 0 0 0 0 0 0 0 0 0 0 0 0 0 0 0 0 0 0 0 0 0 

0.546301	2443209 96258 28769 18697 12966 9349 7156 5630 4742 4035 3485 2976 2549 2313 2026 1750 1738 1429 1408 1278 1195 1052 1016 972 922 845 808 802 766 765 713 693 735 732 782 842 933 1090 1174 1472 1675 1953 2209 2298 2443 2534 2469 2375 2291 1958 1684 1408 1114 842 708 523 374 294 219 182 124 84 92 63 32 27 17 15 5 5 7 1 0 2 1 0 0 0 0 0 0 0 0 0 0 0 0 0 0 0 0 0 0 0 0 0 0 0 0 0 

0.546401	2444924 95147 28372 18648 12758 9408 7168 5751 4754 3896 3466 2876 2620 2305 1985 1745 1559 1513 1376 1350 1171 1112 1034 1009 960 870 860 786 804 765 720 675 724 695 721 800 898 1033 1262 1465 1627 1961 2080 2324 2544 2592 2559 2365 2234 1942 1658 1390 1173 880 694 552 388 281 216 172 130 94 62 52 50 27 22 13 14 10 5 2 0 1 0 1 0 0 0 0 0 0 0 0 0 0 0 0 0 0 0 0 0 0 0 0 0 0 0 0 

0.546501	2443885 96165 28492 18788 12674 9415 7085 5680 4731 3922 3319 2916 2523 2290 2041 1858 1643 1557 1364 1301 1199 1101 1038 990 916 868 840 835 796 715 711 687 710 659 752 821 919 1077 1259 1523 1692 1874 2145 2326 2471 2557 2565 2450 2154 1894 1663 1412 1207 890 735 525 369 251 227 173 108 93 72 42 47 31 21 14 10 4 6 3 1 2 0 0 0 1 0 0 0 0 0 0 0 0 0 0 0 0 0 0 0 0 0 0 0 0 0 0 

0.546601	2444169 96410 28280 18287 12792 9359 7196 5680 4718 3971 3392 2928 2563 2240 1951 1831 1699 1461 1368 1256 1171 1098 1110 962 923 826 830 784 773 751 727 701 701 738 762 832 913 1095 1272 1473 1786 1876 2165 2422 2530 2538 2492 2401 2187 1920 1692 1366 1075 886 683 548 396 301 230 149 125 95 62 60 43 19 19 15 10 9 2 2 1 0 1 0 1 0 0 0 0 0 0 0 0 0 0 0 0 0 0 0 0 0 0 0 0 0 0 0 

0.546701	2444552 96058 28475 18327 12846 9317 6983 5719 4591 3914 3363 2962 2571 2259 2039 1757 1594 1536 1384 1197 1182 1068 1103 995 919 951 846 791 722 748 723 732 699 714 780 829 964 1060 1251 1433 1636 2009 2224 2410 2529 2522 2472 2427 2178 1889 1707 1414 1124 843 682 519 412 290 221 159 114 107 76 54 50 23 22 12 11 2 4 3 1 0 0 0 0 0 0 0 0 0 0 0 0 0 0 0 0 0 0 0 0 0 0 0 0 0 0 0 

0.546801	2443692 96661 28330 18593 12819 9277 7195 5684 4758 3954 3367 2902 2580 2176 2026 1799 1599 1496 1343 1259 1141 1134 1074 984 900 912 837 755 764 746 713 706 712 738 752 839 920 1053 1294 1509 1728 2030 2214 2341 2499 2617 2438 2299 2126 1937 1682 1460 1154 880 682 508 407 284 224 162 133 81 69 41 26 29 21 11 10 3 4 3 3 1 0 0 0 0 0 0 0 0 0 0 0 0 0 0 0 0 0 0 0 0 0 0 0 0 0 0 

0.546901	2444536 95964 28511 18430 12679 9305 7093 5620 4805 3869 3379 2955 2489 2250 2000 1813 1655 1464 1415 1275 1166 1154 1023 1009 938 854 860 839 785 731 708 662 668 754 736 797 920 1100 1273 1541 1703 1940 2181 2328 2478 2474 2504 2512 2210 1974 1670 1430 1090 880 646 509 405 289 227 164 125 78 80 46 39 36 23 16 3 7 4 3 1 0 0 0 0 0 0 0 0 0 0 0 0 0 0 0 0 0 0 0 0 0 0 0 0 0 0 0 

0.547001	2443842 96283 28502 18731 12699 9348 7112 5677 4557 3988 3522 2934 2517 2214 1971 1804 1636 1500 1376 1327 1206 1127 1117 939 927 891 814 784 770 700 715 727 762 718 769 796 923 1066 1283 1509 1627 1932 2194 2442 2524 2485 2501 2354 2246 1903 1699 1345 1155 898 699 501 377 280 204 181 116 94 75 56 36 37 22 11 10 7 1 2 0 2 0 1 0 0 0 0 0 0 0 0 0 0 0 0 0 0 0 0 0 0 0 0 0 0 0 0 

0.547101	2444443 96206 28189 18690 12726 9128 7101 5738 4677 3921 3358 2931 2573 2238 2138 1743 1684 1467 1337 1226 1207 1113 1018 953 951 867 840 776 742 752 718 713 735 736 775 843 942 1009 1280 1470 1762 2000 2185 2298 2477 2545 2545 2309 2221 1927 1742 1456 1091 861 673 526 387 283 222 169 102 102 70 54 46 26 21 20 14 3 2 4 1 1 1 0 0 0 0 0 0 0 0 0 0 0 0 0 0 0 0 0 0 0 0 0 0 0 0 0 

0.547201	2444303 96272 28389 18488 12912 9266 7090 5722 4623 3857 3276 2866 2584 2279 2025 1798 1600 1497 1296 1248 1199 1115 1058 981 958 815 903 794 812 741 735 699 701 738 747 860 893 1113 1324 1531 1676 1907 2143 2345 2474 2612 2477 2398 2216 1938 1708 1438 1087 806 685 503 398 287 230 174 140 96 67 51 42 33 20 25 6 5 1 2 1 0 1 0 0 0 0 0 0 0 0 0 0 0 0 0 0 0 0 0 0 0 0 0 0 0 0 0 

0.547301	2444910 95872 28273 18363 12757 9310 7046 5685 4675 3968 3254 2985 2558 2261 1974 1823 1631 1568 1378 1290 1161 1075 1000 937 933 853 851 803 801 706 690 717 745 721 811 852 872 1068 1250 1431 1752 2069 2228 2438 2401 2557 2578 2398 2160 1879 1711 1366 1106 890 675 509 361 258 215 160 144 114 71 61 35 44 23 12 14 4 4 2 1 1 1 0 0 0 0 0 0 0 0 0 0 0 0 0 0 0 0 0 0 0 0 0 0 0 0 0 

0.547401	2444803 95973 28170 18252 12722 9299 7056 5752 4683 3903 3482 2908 2545 2226 2050 1766 1682 1497 1390 1282 1211 1164 1074 994 950 905 851 805 729 687 759 669 724 692 774 755 994 1084 1293 1529 1757 1970 2197 2394 2490 2551 2518 2258 2186 1893 1666 1390 1149 853 682 460 416 322 223 144 140 107 72 56 43 31 13 10 9 7 7 2 0 0 0 0 0 0 0 0 0 0 0 0 0 0 0 0 0 0 0 0 0 0 0 0 0 0 0 0 

0.547501	2445630 95420 28212 18227 12652 9245 7162 5658 4794 3994 3310 2886 2515 2172 2009 1836 1670 1433 1317 1329 1167 1109 1055 1024 949 855 780 754 769 710 714 705 698 692 779 836 944 1095 1316 1506 1738 2012 2195 2335 2617 2589 2499 2271 2089 1943 1713 1385 1130 869 699 531 370 305 226 145 135 92 74 73 49 31 15 13 15 5 4 3 2 0 0 0 0 0 0 0 0 0 0 0 0 0 0 0 0 0 0 0 0 0 0 0 0 0 0 0 

0.547601	2446138 95222 27923 18416 12659 9145 7038 5719 4717 3930 3391 2833 2595 2215 1968 1760 1619 1455 1407 1217 1185 1113 1018 957 943 886 846 820 791 726 729 696 685 716 806 824 962 1149 1293 1458 1738 1995 2129 2382 2481 2576 2480 2355 2176 1964 1664 1410 1123 867 703 520 390 306 191 163 130 90 87 61 50 28 31 11 12 6 3 6 1 1 0 0 0 0 0 0 0 0 0 0 0 0 0 0 0 0 0 0 0 0 0 0 0 0 0 0 

0.547701	2445594 95243 28182 18368 12880 9164 7028 5707 4606 3916 3344 2858 2552 2317 2039 1829 1625 1543 1342 1319 1245 1125 1070 942 917 881 807 818 782 728 719 711 677 701 756 869 934 1097 1308 1452 1675 2040 2207 2464 2444 2631 2512 2346 2118 1912 1671 1345 1101 871 680 497 359 297 247 159 138 92 79 61 44 38 21 21 12 11 4 6 1 1 0 0 0 0 0 0 0 0 0 0 0 0 0 0 0 0 0 0 0 0 0 0 0 0 0 0 

0.547801	2445583 95189 28442 18302 12603 9127 7110 5750 4799 3995 3282 2956 2521 2284 1963 1801 1634 1512 1376 1278 1146 1144 1070 953 911 893 808 786 756 758 718 692 679 705 773 865 943 1113 1281 1475 1775 1921 2205 2449 2495 2462 2472 2388 2152 1971 1675 1375 1122 940 667 473 388 311 196 176 121 112 70 69 45 26 19 16 15 14 1 2 0 1 0 0 0 0 0 0 0 0 0 0 0 0 0 0 0 0 0 0 0 0 0 0 0 0 0 0 

0.547901	2445509 95833 28001 18288 12788 9114 7125 5672 4707 3771 3362 2826 2537 2297 2029 1843 1574 1447 1328 1292 1208 1073 1037 1006 900 875 848 752 785 750 702 715 754 729 779 881 988 1082 1237 1470 1748 2029 2192 2397 2471 2603 2543 2463 2128 1915 1647 1402 1134 883 656 495 332 294 197 155 121 97 75 61 45 27 24 22 10 7 3 6 3 0 1 0 0 0 0 0 0 0 0 0 0 0 0 0 0 0 0 0 0 0 0 0 0 0 0 0 

0.548001	2445813 95120 28219 18270 12759 9302 7032 5627 4752 3905 3350 2943 2529 2216 1976 1795 1594 1567 1342 1230 1143 1080 1071 987 963 900 831 795 729 789 710 762 717 758 798 787 959 1151 1299 1505 1719 2004 2192 2376 2575 2510 2498 2331 2181 1945 1649 1412 1091 878 642 473 373 270 211 168 138 93 88 66 34 35 31 14 12 4 5 3 1 2 0 1 0 0 0 0 0 0 0 0 0 0 0 0 0 0 0 0 0 0 0 0 0 0 0 0 

0.548101	2444733 95954 28352 18566 12678 9179 7122 5607 4730 4027 3318 2845 2510 2214 2043 1750 1599 1442 1418 1266 1207 1129 1031 1077 885 857 875 799 726 786 726 715 697 718 722 802 943 1140 1284 1487 1750 2028 2167 2405 2559 2619 2489 2353 2140 1892 1708 1300 1055 929 719 528 374 305 207 166 123 93 70 40 36 33 12 15 12 8 5 0 1 0 0 0 0 0 0 0 0 0 0 0 0 0 0 0 0 0 0 0 0 0 0 0 0 0 0 0 

0.548201	2445544 94958 28239 18523 12740 9343 7152 5713 4699 3875 3305 2957 2528 2239 1943 1839 1667 1504 1344 1263 1153 1159 1050 978 897 909 834 790 810 728 719 718 716 695 708 857 978 1097 1295 1546 1786 1969 2289 2450 2450 2600 2524 2275 2256 1937 1602 1347 1095 857 671 507 355 261 211 164 136 86 71 65 39 23 23 15 12 3 4 2 0 1 1 1 0 0 0 0 0 0 0 0 0 0 0 0 0 0 0 0 0 0 0 0 0 0 0 0 

0.548301	2446268 94817 28214 18484 12650 9292 6973 5580 4636 3936 3292 2878 2451 2298 2008 1786 1611 1467 1359 1294 1131 1114 1079 916 925 878 802 812 794 727 739 758 693 725 731 920 963 1140 1312 1520 1753 2019 2299 2405 2535 2572 2507 2370 2220 1916 1618 1331 1031 881 636 474 370 290 241 180 140 81 70 61 37 39 17 9 8 9 5 3 0 0 0 0 0 0 0 0 0 0 0 0 0 0 0 0 0 0 0 0 0 0 0 0 0 0 0 0 

0.548401	2446477 94689 28147 18147 12577 9257 7219 5680 4599 3905 3325 2875 2603 2225 2022 1838 1591 1541 1365 1288 1241 1088 1073 971 878 898 850 826 784 732 683 684 724 753 789 799 908 1149 1274 1598 1760 1971 2266 2404 2506 2406 2474 2373 2143 1891 1701 1369 1141 840 656 543 375 309 231 173 134 93 84 60 38 28 22 18 6 4 2 3 1 2 1 0 0 0 0 0 0 0 0 0 0 0 0 0 0 0 0 0 0 0 0 0 0 0 0 0 

0.548501	2445363 95695 28017 18529 12676 9252 7087 5607 4724 3958 3295 2923 2569 2237 2019 1721 1584 1448 1348 1291 1140 1115 996 977 899 909 865 774 753 721 787 721 726 770 801 854 933 1106 1321 1494 1712 1967 2296 2406 2559 2550 2507 2405 2137 1877 1677 1372 1141 823 659 528 382 244 224 130 122 93 79 61 51 38 16 20 8 6 2 2 0 0 1 0 0 0 0 0 0 0 0 0 0 0 0 0 0 0 0 0 0 0 0 0 0 0 0 0 

0.548601	2446186 95051 28218 18354 12739 9039 6942 5582 4539 3880 3349 2947 2570 2178 2092 1815 1671 1459 1390 1282 1211 1129 1072 959 895 924 820 799 727 735 721 703 739 790 784 883 928 1063 1303 1467 1753 2052 2317 2365 2494 2599 2551 2432 2171 1911 1566 1331 1079 866 667 505 388 273 198 162 117 101 75 65 43 27 19 13 7 7 2 3 2 3 0 0 1 0 0 0 0 0 0 0 0 0 0 0 0 0 0 0 0 0 0 0 0 0 0 0 

0.548701	2446703 94684 27997 18290 12720 9113 7141 5472 4658 3838 3339 2907 2642 2193 1999 1813 1654 1490 1413 1331 1195 1056 1056 933 913 922 835 789 751 726 740 656 725 741 763 842 931 1130 1284 1574 1811 1989 2265 2439 2477 2543 2491 2390 2133 1938 1633 1370 1086 882 681 486 361 274 215 163 135 91 85 58 55 31 20 14 11 6 2 4 0 2 0 0 0 0 0 0 0 0 0 0 0 0 0 0 0 0 0 0 0 0 0 0 0 0 0 0 

0.548801	2446313 95119 28025 18399 12571 9116 7039 5624 4594 4012 3386 2916 2537 2241 1976 1828 1583 1494 1354 1269 1211 1105 969 986 876 874 789 793 775 770 747 675 721 676 771 879 924 1118 1391 1537 1802 2038 2215 2348 2468 2510 2493 2439 2187 1880 1573 1381 1109 858 712 497 421 276 221 175 118 94 85 71 49 34 17 15 12 6 5 6 0 1 0 0 0 0 0 0 1 0 0 0 0 0 0 0 0 0 0 0 0 0 0 0 0 0 0 0 

0.548901	2446475 95255 27892 18266 12651 9037 7122 5630 4702 3821 3212 2947 2516 2257 1955 1783 1579 1572 1320 1309 1112 1128 1012 923 946 858 830 788 780 785 752 702 690 766 798 873 982 1094 1286 1512 1826 2038 2239 2441 2513 2589 2428 2428 2138 1961 1645 1311 1077 819 638 518 389 272 203 176 113 117 75 76 56 34 19 17 9 4 7 4 0 1 1 0 0 0 0 0 0 0 0 0 0 0 0 0 0 0 0 0 0 0 0 0 0 0 0 0 

0.549002	2446109 95099 28047 18373 12559 9166 7017 5660 4728 3982 3276 2955 2524 2273 2000 1834 1617 1569 1337 1283 1162 1093 1011 990 916 853 814 784 791 754 720 740 751 699 762 827 1020 1098 1292 1577 1720 2037 2203 2364 2539 2591 2537 2300 2176 1911 1624 1392 1118 868 644 502 390 258 222 155 123 101 73 52 39 34 20 20 7 4 5 4 2 1 1 1 0 0 0 0 0 0 0 0 0 0 0 0 0 0 0 0 0 0 0 0 0 0 0 0 

0.549102	2446610 94746 28004 18302 12573 9082 7062 5531 4731 3904 3375 2905 2493 2347 1967 1852 1646 1544 1429 1212 1152 1066 1037 977 1019 881 824 819 768 749 759 708 724 740 794 878 930 1152 1326 1540 1771 2023 2213 2443 2491 2514 2451 2298 2180 1912 1624 1378 1059 811 723 477 377 290 209 154 122 106 75 72 56 40 27 13 14 6 6 4 3 0 0 0 0 0 0 0 0 0 0 0 0 0 0 0 0 0 0 0 0 0 0 0 0 0 0 0 

0.549202	2446268 95218 27908 18368 12616 9085 7161 5634 4632 3928 3358 2788 2570 2283 1983 1812 1606 1497 1424 1238 1162 1084 994 945 903 843 901 764 786 747 716 717 713 730 797 866 997 1164 1283 1489 1799 2023 2162 2412 2603 2614 2443 2349 2199 1885 1624 1354 1059 894 625 490 399 280 213 144 129 106 88 66 43 39 25 19 15 9 5 4 0 1 1 1 0 0 0 0 0 0 0 0 0 0 0 0 0 0 0 0 0 0 0 0 0 0 0 0 

0.549302	2448210 93683 27652 18337 12514 8927 7150 5583 4699 3836 3490 2853 2556 2214 2010 1785 1582 1468 1397 1283 1170 1087 1037 982 900 884 835 821 787 699 762 687 707 769 785 865 991 1119 1379 1513 1772 1978 2251 2435 2527 2589 2500 2372 2122 1847 1666 1342 1132 877 628 501 368 313 219 154 121 100 89 54 40 28 20 14 15 6 9 2 0 1 0 0 0 0 0 0 0 0 0 0 0 0 0 0 0 0 0 0 0 0 0 0 0 0 0 0 

0.549402	2448157 94263 27533 17982 12487 9117 6995 5626 4628 4023 3305 2860 2464 2182 1987 1737 1678 1437 1396 1339 1214 1062 1031 901 882 884 882 832 808 709 687 740 718 749 790 889 1007 1161 1341 1498 1823 2055 2293 2356 2521 2516 2448 2412 2161 1939 1602 1346 1057 826 645 534 357 295 219 174 133 97 86 67 53 34 23 16 10 9 4 5 2 0 1 0 0 0 0 0 0 0 0 0 0 0 0 0 0 0 0 0 0 0 0 0 0 0 0 0 

0.549502	2447430 94830 27624 18207 12520 9128 6923 5602 4632 3839 3379 2738 2560 2272 1943 1794 1660 1402 1325 1309 1233 1028 1072 996 916 899 829 784 744 781 694 706 677 737 816 887 1028 1176 1308 1595 1828 1967 2252 2476 2508 2600 2442 2359 2134 1871 1686 1307 1086 831 653 505 387 303 194 172 143 81 77 67 44 35 23 16 10 3 13 1 3 0 0 0 0 0 0 0 0 0 0 0 0 0 0 0 0 0 0 0 0 0 0 0 0 0 0 0 

0.549602	2447127 94662 27898 18125 12587 9231 6882 5721 4798 3860 3264 2922 2486 2204 1985 1778 1592 1483 1364 1297 1119 1106 1041 937 877 883 863 789 763 779 699 714 705 730 812 831 1001 1178 1372 1556 1728 1972 2326 2381 2617 2584 2462 2372 2234 1883 1636 1255 1049 820 697 510 374 280 206 153 117 111 86 60 59 30 26 19 12 8 5 3 1 3 0 0 0 0 0 0 0 0 0 0 0 0 0 0 0 0 0 0 0 0 0 0 0 0 0 0 

0.549702	2447837 94736 27650 18166 12328 9072 6937 5462 4682 3932 3150 2887 2479 2205 2029 1793 1630 1463 1345 1270 1153 1039 1084 998 966 877 861 796 760 730 736 698 729 764 782 865 989 1172 1313 1574 1790 2008 2313 2483 2619 2580 2471 2343 2136 1869 1667 1365 1074 772 650 474 377 261 199 150 142 92 83 70 51 43 32 16 11 7 1 10 1 0 0 0 1 0 0 0 0 0 0 0 0 0 0 0 0 0 0 0 0 0 0 0 0 0 0 0 

0.549802	2447670 94481 27755 18197 12419 9154 6977 5648 4577 3927 3301 2788 2518 2175 1950 1791 1590 1557 1378 1261 1183 1037 1013 1011 913 910 863 820 764 789 685 734 696 760 837 819 994 1180 1339 1561 1778 2092 2245 2484 2570 2545 2453 2362 2065 1879 1659 1289 1048 852 675 489 366 273 258 177 144 96 82 45 61 24 16 15 13 11 3 4 3 1 0 0 0 0 1 0 0 0 0 0 0 0 0 0 0 0 0 0 0 0 0 0 0 0 0 0 

0.549902	2448191 93974 27883 18116 12482 9114 6867 5685 4518 3872 3303 2903 2530 2136 2028 1747 1631 1554 1367 1270 1147 1032 1053 968 931 853 851 804 818 713 753 693 730 777 753 878 1013 1167 1321 1567 1741 2047 2263 2440 2598 2620 2491 2339 2050 1854 1671 1326 1097 873 604 507 354 290 226 171 131 120 71 70 55 32 26 17 8 5 3 4 3 0 0 0 0 0 0 0 0 0 0 0 0 0 0 0 0 0 0 0 0 0 0 0 0 0 0 0 

